==============================================================================
==============================================================================
 Apr. 5 2014                  LANDSAT 4                       Time: 22:03
                            Image Assessment System
                            GEOMETRIC VERIFY Report
==============================================================================
Order ID: 0101404017861_00005                          Path / Row - 33 / 32
Reference Image: L41XXX1184198170100_HDF.L1G

Color mapping per rank
----------------------
Rank  1 is Green: total residual <= 0.5
Rank  2 is Cyan: 0.5 < total residual <=  1
Rank  3 is Blue:  1 < total residual <=  2
Rank  4 is Yellow:  2 < total residual <=  3
Rank  5 is Red:  3 < total residual

Percentage of residuals by rank
-------------------------------
Rank   1 -- 47.1%
Rank   2 -- 43.3%
Rank   3 --  9.7%
Rank   4 --  0.0%
Rank   5 --  0.0%

       GCP    Latitude    Longitude  Sample   Line     Total    Rank
        ID                           Residual Residual Residual
              (Degree)    (Degree)   (Pixel)  (Pixel)  (Pixel)
----------------------------------------------------------------------
0330320483   41.14083   -104.56984     0.48     -0.37     0.61     2 
0330320703   41.06678   -104.75243     0.76     -0.86     1.15     3 
0330320704   41.06670   -104.71601     0.85     -0.38     0.93     2 
0330320705   41.06660   -104.67959     0.79     -0.53     0.95     2 
0330320707   41.06638   -104.60675     0.97     -0.50     1.09     3 
0330320782   41.04151   -104.60689     1.06     -0.41     1.14     3 
0330320857   41.01665   -104.60704     0.92     -0.50     1.05     3 
0330320929   40.99211   -104.71633     0.89     -0.44     0.99     2 
0330320957   40.98510   -103.69784    -0.46     -0.27     0.53     2 
0330320961   40.98337   -103.55237    -0.41      0.12     0.42     1 
0330321000   40.96751   -104.86190     0.82     -0.01     0.82     2 
0330321004   40.96725   -104.71644     0.86     -0.22     0.89     2 
0330321029   40.96143   -103.80739    -0.21     -0.43     0.48     1 
0330321032   40.96025   -103.69832    -0.26      0.28     0.38     1 
0330321035   40.95896   -103.58927    -0.15     -0.03     0.15     1 
0330321037   40.95805   -103.51657    -0.37      0.11     0.39     1 
0330321075   40.94265   -104.86195     0.77     -0.27     0.81     2 
0330321076   40.94260   -104.82560     0.71     -0.22     0.75     2 
0330321077   40.94254   -104.78925     0.82     -0.01     0.82     2 
0330321078   40.94247   -104.75289     0.58     -0.21     0.62     2 
0330321099   40.93831   -103.98955    -0.47     -0.67     0.82     2 
0330321104   40.93657   -103.80783    -0.26     -0.22     0.34     1 
0330321105   40.93619   -103.77149    -0.34      0.19     0.39     1 
0330321150   40.91779   -104.86200     1.14     -0.24     1.17     3 
0330321151   40.91774   -104.82567     1.06     -0.18     1.07     3 
0330321152   40.91768   -104.78933     1.01     -0.07     1.01     3 
0330321154   40.91752   -104.71665     0.74     -0.12     0.75     2 
0330321156   40.91732   -104.64397     0.73     -0.14     0.74     2 
0330321157   40.91720   -104.60763     0.90      0.15     0.91     2 
0330321158   40.91707   -104.57129     0.90      0.09     0.90     2 
0330321168   40.91515   -104.20793    -0.73     -0.17     0.75     2 
0330321174   40.91345   -103.98993    -0.06     -0.73     0.73     2 
0330321180   40.91133   -103.77195    -0.36      0.37     0.52     2 
0330321192   40.90586   -103.33608    -0.68     -0.54     0.87     2 
0330321193   40.90534   -103.29976    -0.88     -0.39     0.96     2 
0330321218   40.89295   -105.11634     0.68     -0.68     0.96     2 
0330321228   40.89274   -104.75308     1.09      0.08     1.09     3 
0330321229   40.89266   -104.71675     0.83      0.06     0.83     2 
0330321231   40.89246   -104.64410     0.82     -0.17     0.84     2 
0330321232   40.89234   -104.60778     0.82      0.01     0.82     2 
0330321233   40.89221   -104.57146     0.67     -0.06     0.67     2 
0330321243   40.89029   -104.20823    -0.80     -0.34     0.87     2 
0330321244   40.89003   -104.17190    -0.24     -0.34     0.42     1 
0330321247   40.88920   -104.06295    -0.94     -0.26     0.98     2 
0330321248   40.88890   -104.02663    -0.38      0.21     0.44     1 
0330321249   40.88859   -103.99031    -0.32     -0.17     0.36     1 
0330321255   40.88647   -103.77241    -0.36      0.61     0.71     2 
0330321256   40.88608   -103.73610     0.04      0.41     0.41     1 
0330321257   40.88568   -103.69979    -0.04      0.28     0.28     1 
0330321269   40.87994   -103.26410    -1.11     -0.38     1.17     3 
0330321271   40.87883   -103.19149    -1.14     -0.31     1.18     3 
0330321323   40.86404   -104.02699    -0.28      0.00     0.28     1 
0330321324   40.86373   -103.99069    -0.45      0.03     0.46     1 
0330321325   40.86341   -103.95438    -0.51      0.06     0.51     2 
0330321326   40.86307   -103.91808    -0.70      0.12     0.71     2 
0330321327   40.86272   -103.88178    -0.43      0.20     0.48     1 
0330321328   40.86237   -103.84547    -0.26      0.24     0.35     1 
0330321329   40.86200   -103.80917    -0.03      0.20     0.20     1 
0330321334   40.85998   -103.62768     0.04      0.41     0.41     1 
0330321335   40.85954   -103.59138    -0.10      0.44     0.45     1 
0330321395   40.84005   -104.13623    -0.51     -0.36     0.62     2 
0330321399   40.83887   -103.99106    -0.66     -0.13     0.67     2 
0330321474   40.81401   -103.99144    -0.63     -0.12     0.64     2 
0330321475   40.81369   -103.95516    -0.36     -0.17     0.40     1 
0330321480   40.81190   -103.77379    -0.13      0.14     0.19     1 
0330321481   40.81151   -103.73752    -0.02      0.31     0.31     1 
0330321528   40.79329   -104.75345     0.64      0.21     0.67     2 
0330321548   40.78946   -104.02808    -0.40     -0.01     0.40     1 
0330321549   40.78915   -103.99182    -0.22     -0.06     0.22     1 
0330321550   40.78883   -103.95555    -0.20     -0.03     0.20     1 
0330321551   40.78849   -103.91929    -0.13      0.11     0.17     1 
0330321590   40.76847   -105.22489     0.88      0.16     0.90     2 
0330321604   40.76834   -104.71728     0.74      0.30     0.80     2 
0330321611   40.76744   -104.46349     0.58     -0.22     0.62     2 
0330321625   40.76397   -103.95594    -0.14      0.12     0.19     1 
0330321635   40.76012   -103.59348    -0.31     -0.14     0.34     1 
0330321665   40.74361   -105.22481     0.73      0.04     0.73     2 
0330321686   40.74258   -104.46368     0.37     -0.01     0.37     1 
0330321694   40.74087   -104.17376    -0.92     -0.14     0.93     2 
0330321695   40.74060   -104.13752    -0.60     -0.18     0.63     2 
0330321701   40.73877   -103.92010    -0.30      0.19     0.35     1 
0330321740   40.71874   -105.22473     0.58     -0.04     0.58     2 
0330321745   40.71895   -105.04357     0.18     -0.12     0.22     1 
0330321760   40.71788   -104.50011     0.34     -0.26     0.43     1 
0330321761   40.71772   -104.46389     0.25      0.02     0.25     1 
0330321776   40.71392   -103.92050    -0.32      0.23     0.40     1 
0330321814   40.69380   -105.26086     0.65      0.51     0.83     2 
0330321815   40.69388   -105.22464     0.57      0.00     0.57     2 
0330321820   40.69409   -105.04356     0.75      0.24     0.79     2 
0330321836   40.69286   -104.46408     0.13     -0.02     0.13     1 
0330321837   40.69268   -104.42787     0.06     -0.13     0.15     1 
0330321849   40.68971   -103.99332    -0.34      0.10     0.36     1 
0330321850   40.68939   -103.95711    -0.31      0.23     0.39     1 
0330321851   40.68906   -103.92090    -0.26      0.33     0.42     1 
0330321859   40.68598   -103.63125    -0.03      0.58     0.58     2 
0330321893   40.66918   -105.11595     0.44      0.03     0.44     1 
0330321894   40.66921   -105.07974     0.22     -0.09     0.23     1 
0330321895   40.66923   -105.04354    -0.05     -0.32     0.32     1 
0330321908   40.66844   -104.57289     0.48      0.12     0.50     1 
0330321912   40.66782   -104.42808    -0.04     -0.15     0.15     1 
0330322045   40.61950   -105.04351    -0.56     -0.19     0.59     2 
0330322117   40.59454   -105.15198    -0.79     -0.61     1.00     2 
0330322189   40.56948   -105.26038     0.57      0.04     0.57     2 
0330322190   40.56956   -105.22423     0.76      0.29     0.82     2 
0330322192   40.56968   -105.15193    -0.16     -0.97     0.98     2 
0330322263   40.54453   -105.29642     0.57      0.56     0.80     2 
0330322266   40.54476   -105.18801     0.44      0.09     0.45     1 
0330322267   40.54481   -105.15187    -0.36     -1.13     1.19     3 
0330322270   40.54490   -105.04346     0.27      0.02     0.27     1 
0330322306   40.53807   -103.74266    -0.25      0.15     0.29     1 
0330322338   40.51967   -105.29631     0.45      0.42     0.62     2 
0330322364   40.51826   -104.35711    -0.42     -0.39     0.57     2 
0330322412   40.49471   -105.33231     0.55      0.57     0.79     2 
0330322492   40.47022   -105.15170     0.88     -0.28     0.92     2 
0330322503   40.47006   -104.75463     0.41      0.30     0.51     2 
0330322526   40.46531   -103.92449    -0.16      0.68     0.69     2 
0330322527   40.46497   -103.88840     0.04      0.59     0.60     2 
0330322536   40.46139   -103.56364    -0.45     -0.06     0.45     1 
0330322562   40.44498   -105.33206     0.49      0.50     0.70     2 
0330322563   40.44507   -105.29598     0.28      0.23     0.36     1 
0330322587   40.44405   -104.42998    -0.52     -0.06     0.52     2 
0330322593   40.44278   -104.21350    -0.79     -0.64     1.02     3 
0330322601   40.44045   -103.92489    -0.21      0.50     0.54     2 
0330322604   40.43940   -103.81666     0.00      0.66     0.66     2 
0330322639   40.42030   -105.25980     0.15      0.31     0.34     1 
0330322644   40.42056   -105.07945     0.14      0.14     0.19     1 
0330322662   40.41918   -104.43019    -0.76      0.03     0.76     2 
0330322675   40.41592   -103.96134    -0.04      0.73     0.73     2 
0330322676   40.41559   -103.92528    -0.43      0.46     0.63     2 
0330322719   40.39570   -105.07942    -0.05      0.49     0.49     1 
0330322767   40.38394   -103.34900    -1.21     -0.30     1.25     3 
0330322795   40.37085   -105.04335     0.01      0.81     0.81     2 
0330322866   40.34584   -105.18745     0.06      0.99     0.99     2 
0330322868   40.34593   -105.11539    -0.30      0.65     0.71     2 
0330322917   40.33422   -103.35021    -1.15     -0.28     1.19     3 
0330322940   40.32091   -105.22340     0.22     -0.34     0.40     1 
0330322942   40.32103   -105.15137    -0.36      1.03     1.09     3 
0330322943   40.32107   -105.11535    -0.20      0.48     0.53     2 
0330322944   40.32110   -105.07933     0.10      0.67     0.67     2 
0330322945   40.32112   -105.04332    -0.03      0.58     0.58     2 
0330323020   40.29625   -105.04330    -0.21      0.70     0.73     2 
0330323168   40.24647   -105.11522    -0.39      0.41     0.56     2 
0330323283   40.21410   -103.67675    -0.68     -0.05     0.68     2 
0330323316   40.19664   -105.18704    -0.36      0.27     0.45     1 
0330323317   40.19670   -105.15109    -0.86      0.42     0.96     2 
0330323321   40.19680   -105.00728    -0.02     -0.12     0.12     1 
0330323359   40.18882   -103.64130    -1.07     -0.18     1.08     3 
0330323395   40.17192   -105.04322    -0.36     -0.42     0.56     2 
0330323417   40.16952   -104.25260    -0.77      0.23     0.81     2 
0330323418   40.16928   -104.21667    -0.75      0.21     0.78     2 
0330323433   40.16438   -103.67772    -0.78     -0.02     0.78     2 
0330323486   40.14584   -104.46841    -0.96     -0.14     0.97     2 
0330323493   40.14442   -104.21695    -1.00      0.19     1.02     3 
0330323584   40.11424   -103.64279    -0.91     -0.37     0.98     2 
0330323612   40.09686   -105.33037    -0.04      0.17     0.18     1 
0330323613   40.09696   -105.29447     0.02      0.22     0.22     1 
0330323614   40.09704   -105.25857    -0.08      0.40     0.41     1 
0330323615   40.09712   -105.22267     0.25      0.22     0.33     1 
0330323659   40.08938   -103.64328    -0.80     -0.40     0.90     2 
0330323690   40.07225   -105.22259    -0.19     -0.28     0.34     1 
0330323759   40.04677   -105.43774     0.18      0.11     0.21     1 
0330323833   40.02176   -105.47344     0.47      0.29     0.55     2 
0330323841   40.02258   -105.18657    -0.12      0.19     0.23     1 
0330323847   40.02273   -104.97141     1.11      0.54     1.23     3 
0330323908   39.99690   -105.47327     0.56      0.42     0.70     2 
0330323909   39.99704   -105.43742     0.05     -0.22     0.23     1 
0330323913   39.99749   -105.29404     0.27      0.16     0.31     1 
0330323915   39.99765   -105.22235     0.09      0.10     0.13     1 
0330323916   39.99771   -105.18650     0.17      0.26     0.31     1 
0330323983   39.97203   -105.47310     0.13      0.17     0.22     1 
0330323988   39.97262   -105.29393     0.35      0.25     0.43     1 
0330324058   39.94716   -105.47293     0.36      0.06     0.36     1 
0330324059   39.94730   -105.43711     0.27     -0.18     0.32     1 
0330324062   39.94766   -105.32965     0.06      0.10     0.12     1 
0330324063   39.94776   -105.29383     0.29      0.05     0.30     1 
0330324075   39.94805   -104.86397     0.06     -0.05     0.08     1 
0330324102   39.94288   -103.89690    -0.91      0.23     0.93     2 
0330324134   39.92244   -105.43695     0.31     -0.17     0.35     1 
0330324137   39.92279   -105.32953    -0.04      0.04     0.06     1 
0330324138   39.92289   -105.29372     0.17      0.14     0.22     1 
0330324177   39.91802   -103.89730    -0.81     -0.05     0.81     2 
0330324209   39.89757   -105.43679     0.45     -0.10     0.46     1 
0330324210   39.89770   -105.40100     0.04     -0.28     0.28     1 
0330324211   39.89782   -105.36520     0.18     -0.44     0.47     1 
0330324212   39.89793   -105.32941     0.14     -0.20     0.24     1 
0330324213   39.89802   -105.29361     0.24     -0.19     0.30     1 
0330324283   39.87256   -105.47241     0.14     -0.11     0.18     1 
0330324284   39.87270   -105.43663     0.34     -0.11     0.36     1 
0330324285   39.87283   -105.40085     0.20     -0.48     0.52     2 
0330324290   39.87331   -105.22194     0.16     -0.15     0.22     1 
0330324293   39.87347   -105.11460    -0.60     -0.44     0.74     2 
0330324304   39.87319   -104.72099    -0.06     -0.22     0.23     1 
0330324359   39.84784   -105.43648     0.52     -0.18     0.55     2 
0330324360   39.84797   -105.40071     0.30     -0.27     0.41     1 
0330324369   39.84863   -105.07879     0.17      0.02     0.17     1 
0330324373   39.84864   -104.93571     0.24     -0.17     0.30     1 
0330324399   39.84440   -104.00577    -0.56     -0.28     0.62     2 
0330324400   39.84409   -103.97001    -0.82     -0.24     0.85     2 
0330324401   39.84376   -103.93425    -0.65     -0.22     0.69     2 
0330324434   39.82297   -105.43632     0.30     -0.14     0.34     1 
0330324435   39.82310   -105.40056     0.37     -0.48     0.60     2 
0330324437   39.82332   -105.32905     0.16     -0.54     0.56     2 
0330324439   39.82350   -105.25754     0.14     -0.11     0.18     1 
0330324440   39.82358   -105.22178    -0.10     -0.12     0.16     1 
0330324445   39.82378   -105.04300     0.17      0.05     0.17     1 
0330324450   39.82371   -104.86422    -0.02     -0.26     0.27     1 
0330324520   39.79892   -105.04299     0.16      0.07     0.17     1 
0330324535   39.79787   -104.50684    -0.49     -0.57     0.76     2 
0330324583   39.77310   -105.47173    -0.14     -0.02     0.14     1 
0330324591   39.77391   -105.18589     0.03      0.21     0.21     1 
0330324592   39.77396   -105.15016     0.08      0.04     0.09     1 
0330324593   39.77400   -105.11443    -0.02     -0.19     0.19     1 
0330324595   39.77405   -105.04297     0.18     -0.18     0.26     1 
0330324659   39.74837   -105.43585    -0.11     -0.29     0.31     1 
0330324660   39.74850   -105.40013    -0.04     -0.52     0.52     2 
0330324661   39.74862   -105.36441     0.19     -0.39     0.43     1 
0330324662   39.74872   -105.32870     0.28     -0.42     0.50     2 
0330324664   39.74890   -105.25726     0.74     -0.11     0.74     2 
0330324667   39.74909   -105.15011     0.07     -0.04     0.08     1 
0330324670   39.74918   -105.04296     0.25     -0.01     0.25     1 
0330324673   39.74917   -104.93580     0.03     -0.36     0.36     1 
0330324701   39.74431   -103.93578    -0.51     -0.88     1.01     3 
0330324731   39.72305   -105.54280     0.33     -0.21     0.39     1 
0330324736   39.72375   -105.36428     0.01     -0.36     0.36     1 
0330324737   39.72385   -105.32858     0.05     -0.33     0.34     1 
0330324738   39.72395   -105.29287     0.14     -0.11     0.18     1 
0330324739   39.72403   -105.25717     0.42     -0.02     0.42     1 
0330324775   39.71977   -103.97186     0.74     -0.61     0.96     2 
0330324813   39.69908   -105.29277     0.38     -0.33     0.51     2 
0330324814   39.69917   -105.25708     0.35     -0.13     0.37     1 
0330324815   39.69924   -105.22138     0.72     -0.46     0.85     2 
0330324818   39.69939   -105.11431     0.20     -0.21     0.29     1 
0330324975   39.64963   -104.86456    -0.18     -0.99     1.00     3 
0330324976   39.64959   -104.82889    -0.09     -0.94     0.95     2 
0330324977   39.64953   -104.79323    -0.29     -1.06     1.10     3 
0330325151   39.59512   -103.93807    -0.49     -1.08     1.19     3 
0330325220   39.57201   -104.15218     0.08     -0.06     0.10     1 
0330325226   39.57026   -103.93845    -0.42     -1.06     1.14     3 
----------------------------------------------------------------------
---------------------------------------------------
Total correlated GCPs in Upper Left Quadrant: 60

GCP statistics this quadrant only (in Pixels)
Line residual statistics:
  Mean: 0.525
  Median: 0.658
  Standard Deviation: 0.448

Sample residual statistics:
  Mean: -0.119
  Median: -0.065
  Standard Deviation: 0.324

Quadrant RMSE: 0.771

---------------------------------------------------
Total correlated GCPs in Upper Right Quadrant: 65

GCP statistics this quadrant only (in Pixels)
Line residual statistics:
  Mean: -0.393
  Median: -0.338
  Standard Deviation: 0.308

Sample residual statistics:
  Mean: 0.032
  Median: 0.057
  Standard Deviation: 0.344

Quadrant RMSE: 0.607

---------------------------------------------------
Total correlated GCPs in Lower Left Quadrant: 93

GCP statistics this quadrant only (in Pixels)
Line residual statistics:
  Mean: 0.125
  Median: 0.141
  Standard Deviation: 0.290

Sample residual statistics:
  Mean: -0.013
  Median: -0.100
  Standard Deviation: 0.387

Quadrant RMSE: 0.500

---------------------------------------------------
Total correlated GCPs in Lower Right Quadrant: 20

GCP statistics this quadrant only (in Pixels)
Line residual statistics:
  Mean: -0.628
  Median: -0.760
  Standard Deviation: 0.402

Sample residual statistics:
  Mean: -0.268
  Median: -0.200
  Standard Deviation: 0.391

Quadrant RMSE: 0.884

---------------------------------------------------
---------------------------------------------------
Total correlated GCPs in scene: 238

GCP statistics entire scene (in Pixels)
Line residual statistics:
  Mean: 0.021
  Median: 0.028
  Standard Deviation: 0.523

Sample residual statistics:
  Mean: -0.049
  Median: -0.055
  Standard Deviation: 0.371

Scene RMSE: 0.643

