==============================================================================
==============================================================================
Fri. Feb. 12 2016                  LANDSAT 2                       Time: 13:09
                            Image Assessment System
                            GEOMETRIC VERIFY Report
==============================================================================
Order ID: 9991602120001_14199                          Path / Row - 36 / 32
Reference Image: L21XXX1175190170101_HDF.L1G

Color mapping per rank
----------------------
Rank  1 is Green: total residual <= 0.5
Rank  2 is Cyan: 0.5 < total residual <=  1
Rank  3 is Blue:  1 < total residual <=  2
Rank  4 is Yellow:  2 < total residual <=  3
Rank  5 is Red:  3 < total residual

Percentage of residuals by rank
-------------------------------
Rank   1 -- 54.1%
Rank   2 -- 42.0%
Rank   3 --  3.9%
Rank   4 --  0.0%
Rank   5 --  0.0%

       GCP    Latitude    Longitude  Sample   Line     Total    Rank
        ID                           Residual Residual Residual
              (Degree)    (Degree)   (Pixel)  (Pixel)  (Pixel)
----------------------------------------------------------------------
0360320324   41.08234   -105.57954    -1.00     -0.17     1.01     3 
0360320392   41.05415   -105.85419    -0.85     -0.47     0.97     2 
0360320399   41.05586   -105.57931    -0.57      0.33     0.66     2 
0360320466   41.02737   -105.89310    -0.64     -0.65     0.91     2 
0360320467   41.02767   -105.85385    -0.72     -0.62     0.95     2 
0360320468   41.02796   -105.81459    -0.89     -0.28     0.93     2 
0360320473   41.02918   -105.61833    -0.42      0.22     0.47     1 
0360320474   41.02938   -105.57908    -0.08     -0.44     0.45     1 
0360320547   41.00248   -105.65732    -0.40      0.38     0.55     2 
0360320548   41.00269   -105.61809    -0.13     -0.16     0.20     1 
0360320549   41.00290   -105.57885     0.03     -0.43     0.43     1 
0360320551   41.00326   -105.50037     0.16     -0.43     0.46     1 
0360320552   41.00343   -105.46113    -0.01     -0.12     0.12     1 
0360320553   41.00358   -105.42189    -0.37     -0.05     0.37     1 
0360320620   40.97552   -105.73550    -0.11      1.00     1.01     3 
0360320621   40.97576   -105.69628    -0.17      0.68     0.70     2 
0360320622   40.97599   -105.65706    -0.17     -0.06     0.18     1 
0360320623   40.97621   -105.61784    -0.10     -0.02     0.10     1 
0360320624   40.97641   -105.57862    -0.02     -0.15     0.15     1 
0360320625   40.97660   -105.53939     0.00     -0.26     0.26     1 
0360320626   40.97678   -105.50017    -0.03     -0.02     0.04     1 
0360320627   40.97695   -105.46095    -0.05      0.05     0.07     1 
0360320628   40.97709   -105.42172    -0.34     -0.12     0.36     1 
0360320696   40.94928   -105.69600    -0.24      0.01     0.24     1 
0360320697   40.94951   -105.65680     0.02     -0.05     0.05     1 
0360320698   40.94973   -105.61759    -0.10     -0.06     0.12     1 
0360320699   40.94993   -105.57838     0.11     -0.04     0.12     1 
0360320700   40.95012   -105.53918     0.01     -0.11     0.11     1 
0360320701   40.95030   -105.49997     0.07     -0.14     0.16     1 
0360320702   40.95046   -105.46076    -0.03      0.06     0.07     1 
0360320712   40.95136   -105.06868    -0.83      0.05     0.83     2 
0360320721   40.95103   -104.71579    -1.01     -0.24     1.04     3 
0360320769   40.92230   -105.77410     0.02      0.25     0.25     1 
0360320770   40.92256   -105.73492    -0.01     -0.09     0.09     1 
0360320771   40.92280   -105.69572     0.07      0.05     0.08     1 
0360320772   40.92303   -105.65654     0.28      0.08     0.29     1 
0360320773   40.92325   -105.61735     0.32     -0.25     0.40     1 
0360320774   40.92345   -105.57815     0.18     -0.06     0.19     1 
0360320775   40.92364   -105.53896     0.20     -0.18     0.27     1 
0360320776   40.92381   -105.49977     0.07     -0.31     0.31     1 
0360320777   40.92398   -105.46058    -0.07     -0.04     0.08     1 
0360320786   40.92485   -105.10784    -0.58      0.02     0.58     2 
0360320787   40.92488   -105.06865    -0.89     -0.04     0.89     2 
0360320788   40.92489   -105.02945    -0.69     -0.04     0.69     2 
0360320792   40.92483   -104.87268    -0.86     -0.16     0.88     2 
0360320794   40.92471   -104.79429    -0.68      0.13     0.69     2 
0360320795   40.92464   -104.75510    -0.78      0.04     0.78     2 
0360320796   40.92455   -104.71591    -1.03     -0.15     1.04     3 
0360320844   40.89582   -105.77380     0.13      0.08     0.16     1 
0360320849   40.89697   -105.57792     0.18     -0.09     0.20     1 
0360320850   40.89715   -105.53875     0.12     -0.03     0.12     1 
0360320851   40.89733   -105.49957     0.25     -0.11     0.27     1 
0360320852   40.89749   -105.46040     0.22     -0.17     0.28     1 
0360320861   40.89836   -105.10780    -0.57     -0.00     0.57     2 
0360320862   40.89839   -105.06862    -0.73     -0.15     0.74     2 
0360320870   40.89815   -104.75520    -0.54      0.21     0.58     2 
0360320873   40.89784   -104.63766    -0.90     -0.11     0.91     2 
0360320874   40.89771   -104.59849    -0.94     -0.06     0.94     2 
0360320917   40.86878   -105.85180     0.34      0.33     0.47     1 
0360320923   40.87028   -105.61685     0.73      0.33     0.80     2 
0360320925   40.87067   -105.53853     0.35      0.26     0.44     1 
0360320926   40.87085   -105.49937     0.15      0.17     0.22     1 
0360320936   40.87188   -105.10776    -0.19     -0.10     0.21     1 
0360320948   40.87136   -104.63781    -0.73     -0.07     0.74     2 
0360320997   40.84358   -105.65575     0.69      0.14     0.71     2 
0360320998   40.84380   -105.61661     0.78      0.07     0.78     2 
0360320999   40.84400   -105.57746     0.54      0.12     0.55     2 
0360321000   40.84419   -105.53832     0.50      0.18     0.53     2 
0360321001   40.84436   -105.49917     0.38      0.26     0.46     1 
0360321010   40.84535   -105.14686     0.10     -0.22     0.24     1 
0360321023   40.84488   -104.63795    -0.24      0.00     0.24     1 
0360321025   40.84460   -104.55966    -0.50     -0.37     0.62     2 
0360321026   40.84445   -104.52052    -0.56     -0.06     0.56     2 
0360321027   40.84428   -104.48137    -0.55     -0.05     0.55     2 
0360321035   40.84244   -104.16823    -0.49     -0.07     0.50     1 
0360321067   40.81582   -105.85112     0.08     -0.02     0.09     1 
0360321068   40.81610   -105.81200     0.42     -0.24     0.48     1 
0360321074   40.81751   -105.57723     0.28      0.25     0.37     1 
0360321075   40.81770   -105.53811     0.81     -0.05     0.81     2 
0360321076   40.81788   -105.49898     0.79      0.06     0.79     2 
0360321084   40.81881   -105.18593     0.22      0.06     0.22     1 
0360321085   40.81887   -105.14680    -0.18      0.25     0.31     1 
0360321115   40.81439   -103.97294    -0.31      0.30     0.43     1 
0360321137   40.78773   -106.04632     0.16     -0.51     0.53     2 
0360321142   40.78934   -105.85079     0.68     -0.25     0.73     2 
0360321143   40.78962   -105.81167     0.61     -0.30     0.68     2 
0360321149   40.79103   -105.57700     0.15      0.12     0.19     1 
0360321150   40.79122   -105.53789     0.31      0.12     0.33     1 
0360321154   40.79184   -105.38143     0.41      0.11     0.42     1 
0360321159   40.79232   -105.18586     0.05      0.15     0.16     1 
0360321170   40.79221   -104.75559    -0.01      0.15     0.15     1 
0360321186   40.78919   -104.12978    -0.00     -0.06     0.06     1 
0360321187   40.78889   -104.09067    -0.33      0.25     0.41     1 
0360321188   40.78858   -104.05156    -0.08      0.25     0.27     1 
0360321190   40.78791   -103.97335     0.05      0.61     0.62     2 
0360321191   40.78755   -103.93424    -0.04      0.91     0.91     2 
0360321212   40.76125   -106.04591     0.25     -0.10     0.27     1 
0360321213   40.76160   -106.00682     0.03     -0.07     0.07     1 
0360321217   40.76285   -105.85045     0.55      0.10     0.56     2 
0360321218   40.76314   -105.81135     0.61     -0.18     0.64     2 
0360321227   40.76507   -105.45948     0.32      0.22     0.38     1 
0360321228   40.76522   -105.42038     0.46      0.16     0.49     1 
0360321229   40.76536   -105.38128     0.59      0.18     0.61     2 
0360321230   40.76548   -105.34218     0.53      0.40     0.66     2 
0360321231   40.76559   -105.30308     0.32      0.57     0.65     2 
0360321232   40.76569   -105.26399     0.43      0.14     0.45     1 
0360321233   40.76577   -105.22489     0.32      0.18     0.37     1 
0360321252   40.76483   -104.48199     0.01     -0.29     0.29     1 
0360321260   40.76300   -104.16922     0.03      0.06     0.07     1 
0360321261   40.76271   -104.13013     0.03      0.01     0.03     1 
0360321262   40.76241   -104.09103    -0.14      0.24     0.28     1 
0360321265   40.76143   -103.97375     0.18      0.69     0.72     2 
0360321288   40.73512   -106.00642    -0.37      0.48     0.60     2 
0360321289   40.73545   -105.96734     0.34      0.26     0.43     1 
0360321302   40.73859   -105.45930     0.60      0.26     0.65     2 
0360321303   40.73874   -105.42022     0.79      0.08     0.80     2 
0360321304   40.73887   -105.38113     0.66      0.18     0.68     2 
0360321305   40.73900   -105.34205     0.75      0.11     0.76     2 
0360321306   40.73911   -105.30297     0.36      0.19     0.41     1 
0360321307   40.73920   -105.26388     0.34      0.14     0.36     1 
0360321308   40.73928   -105.22480     0.37      0.01     0.37     1 
0360321309   40.73935   -105.18571     0.68      0.13     0.70     2 
0360321312   40.73948   -105.06846     0.35      0.18     0.39     1 
0360321313   40.73950   -105.02937     0.11      0.16     0.19     1 
0360321314   40.73950   -104.99029     0.03      0.12     0.12     1 
0360321327   40.73834   -104.48220    -0.06     -0.38     0.39     1 
0360321335   40.73651   -104.16955    -0.12     -0.03     0.12     1 
0360321336   40.73623   -104.13047     0.43      0.04     0.43     1 
0360321365   40.70929   -105.92790     0.34     -0.22     0.40     1 
0360321367   40.70989   -105.84977     0.49     -0.02     0.49     1 
0360321377   40.71210   -105.45912     0.45      0.25     0.51     2 
0360321378   40.71225   -105.42005     0.45      0.17     0.48     1 
0360321379   40.71239   -105.38098     0.61      0.03     0.61     2 
0360321380   40.71251   -105.34191     0.50     -0.00     0.50     2 
0360321381   40.71262   -105.30284     0.23      0.34     0.41     1 
0360321382   40.71272   -105.26378     0.32      0.09     0.34     1 
0360321383   40.71280   -105.22471     0.37     -0.07     0.38     1 
0360321384   40.71287   -105.18564     0.84     -0.24     0.87     2 
0360321385   40.71292   -105.14657     0.26     -0.05     0.27     1 
0360321387   40.71300   -105.06843     0.48      0.36     0.60     2 
0360321388   40.71301   -105.02936     0.09      0.12     0.15     1 
0360321438   40.68215   -106.00562     0.36      0.19     0.41     1 
0360321439   40.68248   -105.96658     0.99      0.30     1.03     3 
0360321440   40.68281   -105.92753     0.03      0.19     0.19     1 
0360321446   40.68445   -105.69324     0.50      0.02     0.50     1 
0360321451   40.68546   -105.49799     0.39      0.50     0.64     2 
0360321452   40.68562   -105.45893     0.28      0.32     0.43     1 
0360321453   40.68577   -105.41988     0.29      0.17     0.34     1 
0360321454   40.68590   -105.38083     0.35      0.35     0.49     1 
0360321455   40.68603   -105.34178     0.51      0.24     0.57     2 
0360321456   40.68613   -105.30272     0.28      0.29     0.40     1 
0360321457   40.68623   -105.26367     0.42      0.09     0.43     1 
0360321458   40.68631   -105.22462     0.60     -0.07     0.60     2 
0360321461   40.68648   -105.10746     0.43     -0.07     0.43     1 
0360321462   40.68651   -105.06840     0.41     -0.03     0.41     1 
0360321463   40.68653   -105.02935     0.50      0.34     0.61     2 
0360321513   40.65567   -106.00522     0.36      0.19     0.41     1 
0360321515   40.65632   -105.92716     0.82      0.42     0.92     2 
0360321526   40.65897   -105.49779     0.84     -0.07     0.85     2 
0360321529   40.65942   -105.38068     0.62      0.26     0.67     2 
0360321530   40.65954   -105.34164     0.64      0.40     0.75     2 
0360321531   40.65965   -105.30260     0.70      0.06     0.70     2 
0360321532   40.65975   -105.26357     0.86      0.08     0.86     2 
0360321533   40.65983   -105.22453     0.71      0.07     0.71     2 
0360321535   40.65995   -105.14645     0.35      0.18     0.39     1 
0360321536   40.66000   -105.10742     0.37     -0.24     0.44     1 
0360321537   40.66002   -105.06838     0.38     -0.12     0.40     1 
0360321538   40.66004   -105.02934     1.01      0.43     1.10     3 
0360321546   40.65970   -104.71703     0.24      0.05     0.25     1 
0360321549   40.65935   -104.59992     0.42     -0.22     0.48     1 
0360321587   40.62884   -106.04384     0.79     -0.24     0.82     2 
0360321588   40.62919   -106.00483     0.41     -0.06     0.42     1 
0360321589   40.62952   -105.96581     0.80      0.55     0.97     2 
0360321590   40.62984   -105.92680     0.82      0.31     0.88     2 
0360321601   40.63249   -105.49759     0.84      0.07     0.84     2 
0360321604   40.63293   -105.38053     0.97      0.26     1.01     3 
0360321605   40.63305   -105.34151     0.85      0.44     0.95     2 
0360321606   40.63316   -105.30249     1.03      0.07     1.04     3 
0360321607   40.63326   -105.26346     0.89     -0.04     0.89     2 
0360321608   40.63334   -105.22444     0.69      0.30     0.75     2 
0360321615   40.63355   -104.95128     0.53     -0.30     0.61     2 
0360321662   40.60236   -106.04343     0.56     -0.12     0.57     2 
0360321664   40.60304   -105.96543     0.31      0.53     0.62     2 
0360321675   40.60583   -105.53640     0.88      0.27     0.92     2 
0360321676   40.60600   -105.49740     0.70      0.38     0.80     2 
0360321677   40.60616   -105.45839     0.93      0.36     1.00     2 
0360321678   40.60631   -105.41939     1.03      0.13     1.03     3 
0360321680   40.60657   -105.34137     0.86      0.30     0.91     2 
0360321681   40.60668   -105.30237     0.90     -0.03     0.90     2 
0360321682   40.60677   -105.26336     1.05     -0.04     1.05     3 
0360321683   40.60686   -105.22435     0.68      0.29     0.74     2 
0360321692   40.60700   -104.87328    -0.01      0.05     0.05     1 
0360321737   40.57588   -106.04302     0.55     -0.09     0.56     2 
0360321739   40.57656   -105.96505     0.17      0.32     0.36     1 
0360321750   40.57934   -105.53619     0.92      0.26     0.96     2 
0360321753   40.57983   -105.41922     0.98      0.40     1.06     3 
0360321754   40.57996   -105.38023     0.94      0.34     1.00     3 
0360321755   40.58008   -105.34124     0.88      0.26     0.92     2 
0360321756   40.58019   -105.30225     0.91      0.17     0.93     2 
0360321757   40.58029   -105.26326     1.03     -0.01     1.03     3 
0360321758   40.58037   -105.22426     0.76      0.27     0.81     2 
0360321812   40.54940   -106.04261     0.39      0.00     0.39     1 
0360321813   40.54974   -106.00364     0.34      0.06     0.34     1 
0360321814   40.55007   -105.96467     0.23      0.26     0.34     1 
0360321815   40.55039   -105.92570     0.04      0.66     0.67     2 
0360321816   40.55070   -105.88673    -0.18      0.52     0.55     2 
0360321817   40.55099   -105.84776     0.22      0.44     0.49     1 
0360321818   40.55127   -105.80879     0.27      0.26     0.38     1 
0360321820   40.55179   -105.73085     0.21     -0.15     0.26     1 
0360321825   40.55286   -105.53598     0.53      0.53     0.75     2 
0360321828   40.55334   -105.41905     0.96      0.44     1.06     3 
0360321829   40.55348   -105.38008     0.83      0.42     0.93     2 
0360321830   40.55360   -105.34110     0.92      0.13     0.93     2 
0360321831   40.55371   -105.30213     0.96      0.24     0.99     2 
0360321833   40.55388   -105.22418     0.94      0.50     1.07     3 
0360321892   40.52451   -105.84743     0.31      0.40     0.50     2 
0360321893   40.52479   -105.80847     0.13      0.39     0.41     1 
0360321898   40.52598   -105.61369    -0.23      0.59     0.63     2 
0360321901   40.52655   -105.49681     0.87      0.51     1.01     3 
0360321903   40.52686   -105.41889     0.98      0.24     1.01     3 
0360321904   40.52699   -105.37993     0.77      0.42     0.88     2 
0360321905   40.52711   -105.34097     0.65      0.61     0.89     2 
0360321906   40.52722   -105.30201     0.80      0.43     0.91     2 
0360321907   40.52732   -105.26305     0.89      0.42     0.98     2 
0360321908   40.52740   -105.22409     0.91      0.43     1.01     3 
0360321909   40.52747   -105.18512     0.99      0.01     0.99     2 
0360321968   40.49830   -105.80815    -0.48      0.41     0.63     2 
0360321970   40.49882   -105.73027     0.59      0.69     0.91     2 
0360321971   40.49906   -105.69133     0.76      0.04     0.76     2 
0360321978   40.50037   -105.41872     0.77      0.41     0.87     2 
0360321979   40.50050   -105.37978     0.76      0.39     0.85     2 
0360321980   40.50063   -105.34083     0.84      0.53     0.99     2 
0360321981   40.50073   -105.30189     0.88      0.33     0.94     2 
0360321982   40.50083   -105.26294     0.94      0.46     1.04     3 
0360322005   40.49940   -104.36720     0.81     -0.05     0.81     2 
0360322006   40.49918   -104.32826     0.77      0.18     0.79     2 
0360322043   40.47182   -105.80783    -0.43      0.66     0.78     2 
0360322044   40.47208   -105.76891     0.25      0.23     0.34     1 
0360322052   40.47374   -105.45749     0.74      0.33     0.81     2 
0360322053   40.47388   -105.41856     0.71      0.50     0.87     2 
0360322055   40.47414   -105.34070     0.74      0.57     0.94     2 
0360322070   40.47439   -104.75674     0.75      0.07     0.75     2 
0360322118   40.44534   -105.80752    -0.27      0.76     0.81     2 
0360322119   40.44560   -105.76861    -0.24      0.42     0.48     1 
0360322124   40.44673   -105.57405     0.56      0.75     0.94     2 
0360322127   40.44725   -105.45731     0.59      0.58     0.83     2 
0360322128   40.44740   -105.41840     0.64      0.54     0.84     2 
0360322129   40.44753   -105.37948     0.62      0.56     0.84     2 
0360322130   40.44765   -105.34057     0.77      0.34     0.84     2 
0360322131   40.44776   -105.30165     0.89      0.39     0.97     2 
0360322132   40.44786   -105.26274     0.70      0.52     0.87     2 
0360322135   40.44806   -105.14599     0.83      0.23     0.86     2 
0360322137   40.44814   -105.06816     0.61      0.47     0.77     2 
0360322184   40.41588   -106.15723    -0.07     -0.63     0.63     2 
0360322193   40.41885   -105.80720    -0.30      0.53     0.61     2 
0360322197   40.41983   -105.65162     0.32      0.78     0.85     2 
0360322198   40.42005   -105.61272     0.66      0.48     0.82     2 
0360322201   40.42060   -105.49603     0.74      0.48     0.88     2 
0360322202   40.42077   -105.45713     0.67      0.41     0.79     2 
0360322203   40.42091   -105.41823     0.45      0.44     0.62     2 
0360322204   40.42105   -105.37933     0.57      0.35     0.67     2 
0360322205   40.42117   -105.34043     0.78      0.20     0.81     2 
0360322206   40.42128   -105.30153     0.73      0.47     0.86     2 
0360322207   40.42137   -105.26263     0.52      0.57     0.77     2 
0360322208   40.42145   -105.22374     0.51      0.56     0.76     2 
0360322211   40.42162   -105.10703     0.31      0.41     0.52     2 
0360322212   40.42165   -105.06813     0.79      0.20     0.81     2 
0360322213   40.42166   -105.02923     0.67      0.10     0.68     2 
0360322228   40.42034   -104.44574     0.81     -0.03     0.81     2 
0360322229   40.42015   -104.40685     0.80     -0.04     0.80     2 
0360322259   40.38940   -106.15678    -0.09     -0.19     0.21     1 
0360322260   40.38978   -106.11790     0.03     -0.21     0.21     1 
0360322261   40.39015   -106.07903     0.05     -0.32     0.33     1 
0360322268   40.39237   -105.80688    -0.80      0.57     0.98     2 
0360322269   40.39263   -105.76801     0.01      0.72     0.72     2 
0360322273   40.39356   -105.61248     0.62      0.16     0.64     2 
0360322274   40.39376   -105.57360     0.55      0.39     0.67     2 
0360322275   40.39395   -105.53472     0.37      0.45     0.58     2 
0360322276   40.39412   -105.49583     0.23      0.56     0.60     2 
0360322277   40.39428   -105.45695     0.43      0.58     0.72     2 
0360322278   40.39443   -105.41807     0.33      0.51     0.61     2 
0360322279   40.39456   -105.37918     0.41      0.35     0.54     2 
0360322280   40.39468   -105.34030     0.87      0.05     0.87     2 
0360322281   40.39479   -105.30142     0.84      0.23     0.87     2 
0360322282   40.39488   -105.26253     0.41      0.54     0.68     2 
0360322283   40.39496   -105.22365     0.67      0.23     0.71     2 
0360322286   40.39513   -105.10699     0.23      0.46     0.52     2 
0360322287   40.39516   -105.06811     0.29      0.11     0.31     1 
0360322348   40.36707   -105.61224     0.42      0.08     0.43     1 
0360322349   40.36727   -105.57337     0.44      0.25     0.50     2 
0360322350   40.36746   -105.53451     0.39      0.33     0.50     2 
0360322351   40.36763   -105.49564     0.18      0.24     0.30     1 
0360322352   40.36779   -105.45677     0.45      0.42     0.61     2 
0360322353   40.36794   -105.41790     0.46      0.37     0.59     2 
0360322354   40.36807   -105.37904     0.60      0.31     0.68     2 
0360322355   40.36819   -105.34017     0.55      0.37     0.66     2 
0360322356   40.36830   -105.30130     0.35      0.40     0.53     2 
0360322357   40.36840   -105.26243     0.58      0.59     0.83     2 
0360322417   40.33912   -105.84510    -0.03      0.16     0.16     1 
0360322424   40.34079   -105.57315    -0.12      0.62     0.63     2 
0360322425   40.34097   -105.53430     0.19      0.31     0.36     1 
0360322426   40.34115   -105.49545     0.37      0.25     0.45     1 
0360322427   40.34131   -105.45659     0.42      0.14     0.45     1 
0360322428   40.34145   -105.41774     0.44      0.08     0.44     1 
0360322429   40.34159   -105.37889     0.51      0.26     0.57     2 
0360322430   40.34171   -105.34003     0.40      0.30     0.50     1 
0360322431   40.34181   -105.30118     0.51      0.50     0.71     2 
0360322432   40.34191   -105.26233     0.65      0.48     0.81     2 
0360322435   40.34211   -105.14576     0.35     -0.41     0.54     2 
0360322436   40.34216   -105.10691     0.06      0.67     0.67     2 
0360322492   40.31264   -105.84477    -0.27      0.03     0.28     1 
0360322493   40.31291   -105.80594    -0.11     -0.08     0.14     1 
0360322503   40.31497   -105.41758     0.30     -0.06     0.31     1 
0360322505   40.31522   -105.33990     0.44      0.14     0.46     1 
0360322506   40.31533   -105.30106     0.36      0.39     0.53     2 
0360322507   40.31542   -105.26222     0.54      0.36     0.65     2 
0360322509   40.31557   -105.18454     0.16      0.35     0.39     1 
0360322510   40.31563   -105.14571     0.24      0.01     0.24     1 
0360322511   40.31567   -105.10687     0.37      0.33     0.49     1 
0360322512   40.31570   -105.06803     0.23      0.38     0.44     1 
0360322513   40.31572   -105.02919     0.27      0.47     0.54     2 
0360322567   40.28615   -105.84444    -0.25     -0.10     0.27     1 
0360322568   40.28643   -105.80562    -0.17     -0.04     0.18     1 
0360322578   40.28848   -105.41741     0.16     -0.07     0.18     1 
0360322580   40.28873   -105.33977     0.02      0.51     0.51     2 
0360322581   40.28884   -105.30094     0.14      0.33     0.36     1 
0360322582   40.28894   -105.26212     0.51      0.13     0.52     2 
0360322583   40.28902   -105.22330     0.50     -0.03     0.50     1 
0360322641   40.25938   -105.88292    -0.47     -0.11     0.48     1 
0360322642   40.25967   -105.84411    -0.24     -0.14     0.28     1 
0360322643   40.25994   -105.80531    -0.23      0.17     0.29     1 
0360322657   40.26245   -105.26202     0.06      0.05     0.08     1 
0360322658   40.26253   -105.22321     0.43      0.19     0.47     1 
0360322660   40.26265   -105.14559     0.16      0.11     0.20     1 
0360322679   40.26123   -104.40824     0.75      0.40     0.85     2 
0360322707   40.22970   -106.23163    -0.43     -0.96     1.05     3 
0360322709   40.23050   -106.15407    -0.41     -0.69     0.80     2 
0360322716   40.23289   -105.88257    -0.43     -0.09     0.44     1 
0360322717   40.23318   -105.84378    -0.33     -0.22     0.40     1 
0360322718   40.23346   -105.80500    -0.47      0.10     0.48     1 
0360322720   40.23397   -105.72742    -0.14      0.42     0.44     1 
0360322721   40.23421   -105.68863     0.11      0.25     0.28     1 
0360322722   40.23443   -105.64984     1.04      0.25     1.07     3 
0360322725   40.23503   -105.53347     0.25      0.05     0.26     1 
0360322726   40.23520   -105.49467     0.33      0.15     0.36     1 
0360322727   40.23536   -105.45588     0.14      0.03     0.14     1 
0360322728   40.23551   -105.41709     0.11      0.04     0.12     1 
0360322729   40.23564   -105.37830    -0.14      0.18     0.23     1 
0360322730   40.23576   -105.33950     0.10      0.08     0.13     1 
0360322735   40.23617   -105.14554    -0.01     -0.10     0.10     1 
0360322736   40.23621   -105.10674    -0.14     -0.11     0.18     1 
0360322748   40.23570   -104.64122    -0.35     -0.48     0.59     2 
0360322782   40.20322   -106.23115    -0.40     -0.83     0.92     2 
0360322783   40.20363   -106.19239    -0.50     -0.69     0.85     2 
0360322789   40.20579   -105.95977    -0.16     -0.06     0.17     1 
0360322790   40.20611   -105.92100    -0.10      0.07     0.12     1 
0360322791   40.20641   -105.88223    -0.18     -0.11     0.21     1 
0360322792   40.20670   -105.84346    -0.19     -0.15     0.24     1 
0360322796   40.20772   -105.68836     0.50      0.13     0.52     2 
0360322801   40.20871   -105.49448    -0.30      0.26     0.40     1 
0360322802   40.20887   -105.45570     0.16     -0.15     0.22     1 
0360322803   40.20902   -105.41693     0.13      0.02     0.13     1 
0360322804   40.20915   -105.37815    -0.21      0.08     0.22     1 
0360322805   40.20927   -105.33937     0.04      0.15     0.16     1 
0360322806   40.20938   -105.30059     0.13      0.24     0.27     1 
0360322810   40.20968   -105.14548    -0.38     -0.25     0.45     1 
0360322814   40.20977   -104.99036    -0.01     -0.06     0.06     1 
0360322857   40.17674   -106.23067    -0.71     -0.72     1.01     3 
0360322858   40.17715   -106.19192    -0.46     -0.63     0.78     2 
0360322859   40.17754   -106.15317    -0.49     -0.64     0.80     2 
0360322863   40.17898   -105.99815     0.25     -0.39     0.46     1 
0360322865   40.17962   -105.92064    -0.03     -0.00     0.03     1 
0360322868   40.18049   -105.80437    -0.84      0.06     0.84     2 
0360322876   40.18223   -105.49429    -0.25      0.19     0.32     1 
0360322877   40.18238   -105.45553     0.12     -0.14     0.18     1 
0360322879   40.18267   -105.37800     0.37     -0.22     0.43     1 
0360322880   40.18278   -105.33924    -0.08      0.04     0.09     1 
0360322881   40.18289   -105.30048    -0.05      0.13     0.14     1 
0360322885   40.18319   -105.14542    -0.48     -0.21     0.52     2 
0360322904   40.18177   -104.40893     0.88      0.35     0.95     2 
0360322938   40.15250   -105.99777    -0.14     -0.00     0.14     1 
0360322939   40.15282   -105.95903    -0.87     -0.06     0.87     2 
0360322940   40.15314   -105.92028    -0.14     -0.15     0.21     1 
0360322941   40.15344   -105.88154    -0.33     -0.69     0.76     2 
0360322942   40.15373   -105.84280    -1.01     -0.12     1.02     3 
0360322943   40.15400   -105.80406    -0.96      0.20     0.98     2 
0360322944   40.15426   -105.76531    -0.39     -0.12     0.41     1 
0360322945   40.15451   -105.72657     0.52     -0.33     0.61     2 
0360322951   40.15574   -105.49410    -0.11     -0.04     0.11     1 
0360322952   40.15590   -105.45535    -0.07     -0.12     0.14     1 
0360322953   40.15604   -105.41660    -0.03     -0.18     0.19     1 
0360322954   40.15618   -105.37785     0.21     -0.19     0.28     1 
0360322955   40.15630   -105.33911    -0.17     -0.19     0.25     1 
0360322956   40.15640   -105.30036    -0.28     -0.29     0.40     1 
0360323012   40.12567   -106.03610    -0.27     -0.00     0.27     1 
0360323016   40.12695   -105.88120    -0.11     -0.50     0.51     2 
0360323017   40.12724   -105.84247     0.07     -0.50     0.50     2 
0360323018   40.12752   -105.80375    -0.63     -0.12     0.64     2 
0360323020   40.12803   -105.72629    -0.53      0.00     0.53     2 
0360323021   40.12826   -105.68756    -0.58     -0.14     0.60     2 
0360323022   40.12849   -105.64883    -0.07     -0.18     0.19     1 
0360323026   40.12925   -105.49390     0.01     -0.01     0.01     1 
0360323027   40.12941   -105.45517    -0.02     -0.20     0.21     1 
0360323028   40.12956   -105.41644    -0.02     -0.19     0.19     1 
0360323029   40.12969   -105.37771    -0.17     -0.03     0.17     1 
0360323030   40.12981   -105.33898    -0.01     -0.15     0.15     1 
0360323031   40.12992   -105.30024    -0.07     -0.19     0.21     1 
0360323084   40.09809   -106.15183    -0.45     -0.13     0.47     1 
0360323087   40.09919   -106.03570    -0.03     -0.23     0.23     1 
0360323091   40.10047   -105.88086     0.19     -0.29     0.35     1 
0360323092   40.10075   -105.84215    -0.18     -0.18     0.25     1 
0360323093   40.10103   -105.80343    -0.45     -0.14     0.47     1 
0360323094   40.10129   -105.76472    -0.49     -0.42     0.65     2 
0360323095   40.10154   -105.72601    -0.65      0.24     0.69     2 
0360323097   40.10200   -105.64858     0.28      0.07     0.29     1 
0360323102   40.10292   -105.45500    -0.18     -0.29     0.34     1 
0360323103   40.10307   -105.41628     0.00     -0.21     0.21     1 
0360323104   40.10320   -105.37756    -0.20     -0.03     0.20     1 
0360323105   40.10332   -105.33884    -0.11     -0.17     0.20     1 
0360323106   40.10343   -105.30013    -0.02     -0.16     0.16     1 
0360323160   40.07198   -106.11269    -0.74     -0.61     0.96     2 
0360323161   40.07235   -106.07399    -0.25     -0.24     0.34     1 
0360323162   40.07270   -106.03530     0.21     -0.10     0.23     1 
0360323163   40.07304   -105.99661    -0.10      0.14     0.17     1 
0360323166   40.07398   -105.88052    -0.17      0.12     0.21     1 
0360323167   40.07427   -105.84182    -0.40     -0.13     0.42     1 
0360323168   40.07455   -105.80312    -0.36     -0.16     0.39     1 
0360323171   40.07529   -105.68703     0.44      0.21     0.49     1 
0360323172   40.07551   -105.64832     0.38     -0.03     0.38     1 
0360323173   40.07572   -105.60962    -0.18      0.14     0.23     1 
0360323176   40.07628   -105.49352    -0.26     -0.36     0.45     1 
0360323177   40.07644   -105.45482    -0.11     -0.27     0.29     1 
0360323178   40.07658   -105.41612    -0.15     -0.11     0.19     1 
0360323179   40.07671   -105.37741    -0.36      0.07     0.37     1 
0360323180   40.07683   -105.33871    -0.19     -0.33     0.38     1 
0360323181   40.07694   -105.30001     0.06     -0.23     0.24     1 
0360323236   40.04587   -106.07358    -0.02     -0.21     0.21     1 
0360323237   40.04622   -106.03490    -0.02     -0.33     0.33     1 
0360323241   40.04750   -105.88018    -0.24     -0.07     0.25     1 
0360323242   40.04778   -105.84149    -0.34     -0.16     0.37     1 
0360323251   40.04979   -105.49333    -0.21     -0.18     0.28     1 
0360323252   40.04995   -105.45464    -0.16     -0.35     0.38     1 
0360323253   40.05009   -105.41596    -0.32     -0.06     0.33     1 
0360323254   40.05023   -105.37727    -0.20      0.00     0.20     1 
0360323255   40.05035   -105.33858    -0.33     -0.37     0.49     1 
0360323256   40.05045   -105.29989    -0.05     -0.24     0.24     1 
0360323307   40.01785   -106.22782    -0.60     -0.36     0.70     2 
0360323308   40.01825   -106.18915    -0.75      0.04     0.75     2 
0360323311   40.01938   -106.07316    -0.43      0.09     0.44     1 
0360323312   40.01973   -106.03450    -0.26     -0.24     0.35     1 
0360323314   40.02040   -105.95717     0.70     -0.09     0.70     2 
0360323315   40.02071   -105.91850    -0.06      0.02     0.06     1 
0360323316   40.02101   -105.87984    -0.45      0.24     0.51     2 
0360323317   40.02130   -105.84117    -0.58     -0.04     0.58     2 
0360323318   40.02157   -105.80250    -0.11     -0.01     0.11     1 
0360323327   40.02346   -105.45447    -0.09     -0.34     0.36     1 
0360323328   40.02361   -105.41580    -0.06     -0.15     0.16     1 
0360323329   40.02374   -105.37712    -0.02     -0.30     0.30     1 
0360323330   40.02386   -105.33845    -0.32     -0.37     0.48     1 
0360323334   40.02421   -105.18376    -0.44     -0.46     0.64     2 
0360323351   40.02338   -104.52631     0.10     -0.17     0.20     1 
0360323382   39.99136   -106.22734     0.32     -0.01     0.32     1 
0360323386   39.99290   -106.07275    -0.51     -0.01     0.51     2 
0360323387   39.99325   -106.03410    -0.42     -0.05     0.42     1 
0360323388   39.99359   -105.99545    -0.78      0.08     0.78     2 
0360323389   39.99391   -105.95680    -0.60      0.08     0.60     2 
0360323390   39.99423   -105.91815     0.03      0.03     0.05     1 
0360323391   39.99453   -105.87950    -0.37     -0.04     0.37     1 
0360323392   39.99481   -105.84084    -0.65      0.14     0.66     2 
0360323393   39.99509   -105.80219    -0.19      0.04     0.20     1 
0360323394   39.99535   -105.76354    -0.06     -0.01     0.06     1 
0360323401   39.99681   -105.49295    -0.04      0.02     0.05     1 
0360323402   39.99697   -105.45429    -0.08     -0.29     0.30     1 
0360323403   39.99712   -105.41563    -0.40     -0.31     0.51     2 
0360323404   39.99725   -105.37698    -0.30     -0.30     0.43     1 
0360323405   39.99737   -105.33832    -0.17     -0.46     0.49     1 
0360323406   39.99748   -105.29966    -0.13     -0.09     0.16     1 
0360323408   39.99765   -105.22235    -0.54     -0.26     0.60     2 
0360323426   39.99690   -104.52650    -0.99      0.28     1.03     3 
0360323460   39.96605   -106.11097    -0.13      0.25     0.28     1 
0360323461   39.96641   -106.07233    -0.53      0.08     0.54     2 
0360323462   39.96677   -106.03370    -0.58      0.14     0.59     2 
0360323466   39.96804   -105.87916    -0.44      0.12     0.45     1 
0360323467   39.96833   -105.84052    -0.30      0.02     0.30     1 
0360323468   39.96860   -105.80188    -0.43     -0.08     0.44     1 
0360323469   39.96886   -105.76324    -0.38      0.12     0.39     1 
0360323472   39.96957   -105.64732    -0.62     -0.04     0.62     2 
0360323474   39.96997   -105.57004    -0.04     -0.19     0.19     1 
0360323476   39.97033   -105.49276    -0.48     -0.70     0.85     2 
0360323477   39.97048   -105.45412    -0.24     -0.29     0.38     1 
0360323478   39.97063   -105.41547    -0.31     -0.20     0.37     1 
0360323479   39.97076   -105.37683    -1.03     -0.04     1.03     3 
0360323480   39.97088   -105.33819     0.08     -0.19     0.21     1 
0360323481   39.97099   -105.29955    -0.14     -0.12     0.19     1 
0360323534   39.93919   -106.14916    -0.71      0.56     0.90     2 
0360323535   39.93957   -106.11054    -0.38      0.06     0.38     1 
0360323542   39.94184   -105.84019    -0.57     -0.00     0.57     2 
0360323543   39.94211   -105.80157    -0.29     -0.17     0.34     1 
0360323544   39.94237   -105.76295    -0.33      0.17     0.37     1 
0360323545   39.94262   -105.72432    -0.23      0.27     0.36     1 
0360323546   39.94286   -105.68570    -0.41      0.12     0.42     1 
0360323547   39.94308   -105.64707    -0.83      0.21     0.85     2 
0360323549   39.94348   -105.56982    -0.43      0.25     0.50     1 
0360323550   39.94367   -105.53119    -0.53     -0.09     0.54     2 
0360323551   39.94384   -105.49257    -0.25     -0.31     0.40     1 
0360323552   39.94400   -105.45394    -0.29     -0.30     0.42     1 
0360323553   39.94414   -105.41531    -0.38     -0.09     0.39     1 
0360323555   39.94439   -105.33806    -0.81      0.21     0.83     2 
0360323609   39.91271   -106.14872    -0.85      0.28     0.89     2 
0360323610   39.91308   -106.11011    -0.48      0.23     0.54     2 
0360323617   39.91535   -105.83987    -0.56     -0.02     0.56     2 
0360323618   39.91563   -105.80126    -0.31      0.02     0.32     1 
0360323619   39.91589   -105.76265    -0.37      0.13     0.39     1 
0360323621   39.91637   -105.68543    -0.61      0.28     0.67     2 
0360323622   39.91659   -105.64682    -0.68     -0.07     0.68     2 
0360323625   39.91718   -105.53099    -0.52      0.02     0.52     2 
0360323626   39.91735   -105.49238    -0.23     -0.13     0.26     1 
0360323627   39.91751   -105.45377    -0.29     -0.12     0.31     1 
0360323630   39.91790   -105.33793    -0.25     -0.26     0.36     1 
0360323631   39.91801   -105.29932    -0.36      0.00     0.36     1 
0360323679   39.88415   -106.34121    -1.06     -0.23     1.09     3 
0360323681   39.88502   -106.26404    -0.65     -0.13     0.67     2 
0360323696   39.88988   -105.68517    -0.46      0.45     0.64     2 
0360323697   39.89010   -105.64657    -0.45      0.40     0.60     2 
0360323700   39.89069   -105.53079    -0.34     -0.08     0.35     1 
0360323701   39.89086   -105.49219    -0.19     -0.05     0.19     1 
0360323702   39.89102   -105.45359    -0.26     -0.08     0.27     1 
0360323703   39.89116   -105.41499    -0.40     -0.09     0.41     1 
0360323704   39.89130   -105.37640    -0.45     -0.16     0.47     1 
0360323705   39.89142   -105.33780    -0.15     -0.20     0.25     1 
0360323706   39.89152   -105.29920     0.00     -0.17     0.17     1 
0360323755   39.85811   -106.30212    -0.44     -0.25     0.51     2 
0360323756   39.85854   -106.26355    -0.58      0.16     0.60     2 
0360323768   39.86265   -105.80065    -0.73     -0.49     0.88     2 
0360323771   39.86339   -105.68491    -0.49      0.35     0.60     2 
0360323776   39.86437   -105.49200    -0.16      0.02     0.16     1 
0360323777   39.86453   -105.45342    -0.49     -0.08     0.49     1 
0360323778   39.86467   -105.41483    -0.01     -0.05     0.05     1 
0360323779   39.86481   -105.37625    -0.20     -0.19     0.28     1 
0360323780   39.86493   -105.33767    -0.44     -0.02     0.44     1 
0360323781   39.86503   -105.29909    -0.30     -0.04     0.31     1 
0360323786   39.86537   -105.10617    -0.41      0.21     0.46     1 
0360323831   39.83205   -106.26306     0.69     -0.13     0.70     2 
0360323836   39.83399   -106.07027    -0.50     -0.10     0.51     2 
0360323843   39.83617   -105.80034    -0.51     -0.21     0.55     2 
0360323852   39.83804   -105.45324    -0.36     -0.07     0.37     1 
0360323855   39.83844   -105.33754    -0.29      0.04     0.30     1 
0360323856   39.83854   -105.29897    -0.36     -0.06     0.36     1 
0360323906   39.80557   -106.26258    -0.58      0.08     0.58     2 
0360323907   39.80598   -106.22404    -0.15      0.12     0.19     1 
0360323912   39.80786   -106.03132    -0.72     -0.27     0.77     2 
0360323918   39.80968   -105.80003    -0.79      0.09     0.79     2 
0360323919   39.80994   -105.76148    -0.56      0.38     0.67     2 
0360323921   39.81042   -105.68438    -0.39      0.48     0.61     2 
0360323922   39.81064   -105.64583    -0.24      0.31     0.39     1 
0360323923   39.81085   -105.60728    -0.29      0.24     0.38     1 
0360323924   39.81104   -105.56873    -0.25      0.05     0.26     1 
0360323930   39.81195   -105.33741    -0.21      0.43     0.48     1 
0360323993   39.78319   -105.79972    -0.44      0.18     0.47     1 
0360323994   39.78345   -105.76119    -0.88      0.44     0.98     2 
0360323995   39.78370   -105.72265    -0.66      0.65     0.92     2 
0360323997   39.78415   -105.64558    -0.50      0.09     0.51     2 
0360323999   39.78456   -105.56851    -0.46     -0.04     0.46     1 
0360324072   39.75766   -105.64533    -0.15     -0.10     0.18     1 
0360324077   39.75858   -105.45272    -0.50      0.06     0.51     2 
0360324134   39.72731   -106.14563    -0.37      0.38     0.53     2 
0360324138   39.72873   -105.99163    -0.22      0.22     0.31     1 
0360324145   39.73072   -105.72210     0.73     -0.32     0.80     2 
0360324146   39.73096   -105.68359     0.35     -0.43     0.55     2 
0360324147   39.73118   -105.64509    -0.42      0.11     0.44     1 
0360324152   39.73209   -105.45255    -0.42      0.10     0.43     1 
0360324153   39.73223   -105.41404    -0.17     -0.20     0.26     1 
0360324209   39.70083   -106.14520    -0.03      0.77     0.77     2 
0360324221   39.70447   -105.68333     0.25      0.15     0.29     1 
0360324222   39.70469   -105.64484    -0.34      0.17     0.38     1 
0360324227   39.70560   -105.45238    -0.07     -0.06     0.09     1 
0360324228   39.70574   -105.41388     0.20     -0.21     0.29     1 
0360324229   39.70587   -105.37539     0.08     -0.26     0.27     1 
0360324284   39.67435   -106.14476    -0.36      0.74     0.82     2 
0360324297   39.67820   -105.64459     0.07      0.37     0.38     1 
0360324303   39.67925   -105.41372    -0.15      0.15     0.21     1 
0360324304   39.67938   -105.37524     0.13     -0.29     0.31     1 
0360324306   39.67961   -105.29828    -0.06     -0.03     0.07     1 
0360324354   39.64581   -106.33659     0.15      0.30     0.33     1 
0360324355   39.64624   -106.29814     0.22     -0.28     0.36     1 
0360324378   39.65276   -105.41357    -0.04      0.21     0.21     1 
0360324379   39.65289   -105.37510     0.04     -0.03     0.05     1 
0360324380   39.65301   -105.33664     0.03      0.03     0.05     1 
0360324381   39.65311   -105.29817     0.08      0.02     0.08     1 
0360324382   39.65321   -105.25970     0.01      0.27     0.27     1 
0360324436   39.62211   -106.06700    -0.37      0.23     0.43     1 
0360324437   39.62245   -106.02856     0.23      0.65     0.69     2 
0360324447   39.62522   -105.64410    -0.81      0.61     1.01     3 
0360324452   39.62613   -105.45186     0.33     -0.05     0.33     1 
0360324453   39.62627   -105.41341     0.20      0.11     0.23     1 
0360324454   39.62640   -105.37496    -0.00      0.18     0.18     1 
0360324455   39.62652   -105.33651    -0.08      0.01     0.08     1 
0360324456   39.62662   -105.29806     0.05      0.00     0.05     1 
0360324457   39.62672   -105.25960     0.11      0.14     0.18     1 
0360324458   39.62680   -105.22115     0.05      0.13     0.15     1 
0360324512   39.59597   -106.02817    -0.04      0.48     0.48     1 
0360324513   39.59630   -105.98974     0.01      0.39     0.39     1 
0360324527   39.59964   -105.45168     0.20      0.03     0.20     1 
0360324528   39.59978   -105.41325     0.16     -0.04     0.16     1 
0360324529   39.59991   -105.37481     0.13      0.19     0.23     1 
0360324530   39.60003   -105.33638     0.11      0.04     0.12     1 
0360324531   39.60014   -105.29794     0.32      0.08     0.33     1 
0360324532   39.60023   -105.25951     0.12      0.16     0.20     1 
0360324533   39.60031   -105.22107     0.11      0.09     0.15     1 
0360324583   39.56802   -106.18143     0.51      0.00     0.51     2 
0360324586   39.56914   -106.06619     0.36      0.15     0.39     1 
0360324587   39.56948   -106.02778     0.14      0.45     0.47     1 
0360324588   39.56981   -105.98936    -0.09      0.39     0.40     1 
0360324595   39.57179   -105.72045    -0.25      0.35     0.43     1 
0360324600   39.57283   -105.52835    -0.49      0.37     0.62     2 
0360324601   39.57299   -105.48993     0.04      0.19     0.19     1 
0360324602   39.57315   -105.45151    -0.02      0.01     0.02     1 
0360324603   39.57329   -105.41309     0.14      0.09     0.17     1 
0360324604   39.57342   -105.37467     0.16      0.17     0.24     1 
0360324605   39.57354   -105.33625     0.31     -0.03     0.32     1 
0360324606   39.57364   -105.29783     0.48      0.17     0.51     2 
0360324607   39.57374   -105.25941     0.22      0.16     0.27     1 
0360324608   39.57382   -105.22098     0.14     -0.11     0.18     1 
0360324668   39.54480   -105.79698     0.26      0.04     0.26     1 
0360324672   39.54575   -105.64337    -0.07      0.20     0.21     1 
0360324673   39.54596   -105.60496     0.97     -0.13     0.98     2 
0360324676   39.54650   -105.48975    -0.05     -0.07     0.09     1 
0360324677   39.54666   -105.45134     0.04     -0.07     0.08     1 
0360324678   39.54680   -105.41294     0.21     -0.04     0.21     1 
0360324679   39.54693   -105.37453     0.19      0.03     0.19     1 
0360324680   39.54705   -105.33612     0.37      0.02     0.37     1 
0360324681   39.54715   -105.29771     0.46      0.17     0.49     1 
0360324682   39.54725   -105.25931     0.39      0.20     0.43     1 
0360324683   39.54733   -105.22090     0.22      0.00     0.22     1 
0360324684   39.54739   -105.18249     0.50     -0.55     0.74     2 
0360324687   39.54752   -105.06727    -0.47      0.10     0.48     1 
0360324743   39.51831   -105.79668     0.31      0.48     0.58     2 
0360324745   39.51882   -105.71990     0.68      0.27     0.73     2 
0360324747   39.51926   -105.64312     0.17      0.69     0.71     2 
0360324752   39.52017   -105.45117     0.26     -0.03     0.26     1 
0360324753   39.52031   -105.41278     0.26     -0.12     0.28     1 
0360324754   39.52044   -105.37439     0.20     -0.02     0.20     1 
0360324756   39.52066   -105.29760     0.65      0.08     0.66     2 
0360324757   39.52076   -105.25921     0.35      0.20     0.40     1 
0360324758   39.52083   -105.22082     0.26     -0.02     0.26     1 
0360324759   39.52090   -105.18242     0.17     -0.12     0.20     1 
0360324760   39.52096   -105.14403     0.51     -0.25     0.57     2 
0360324827   39.49368   -105.45100     0.69     -0.09     0.69     2 
0360324828   39.49382   -105.41262     0.56      0.06     0.56     2 
0360324829   39.49395   -105.37424     0.43     -0.07     0.44     1 
0360324830   39.49407   -105.33587     0.43      0.07     0.43     1 
0360324831   39.49417   -105.29749     0.51      0.22     0.56     2 
0360324832   39.49426   -105.25911     0.50     -0.05     0.51     2 
0360324833   39.49434   -105.22073     0.56     -0.06     0.57     2 
0360324834   39.49441   -105.18236     0.26     -0.08     0.27     1 
0360324835   39.49446   -105.14398     0.84     -0.39     0.92     2 
0360324902   39.46719   -105.45083     0.66     -0.06     0.66     2 
0360324903   39.46733   -105.41246     0.72      0.04     0.72     2 
0360324904   39.46746   -105.37410     0.77     -0.21     0.79     2 
0360324905   39.46758   -105.33574     0.81     -0.06     0.81     2 
0360324906   39.46768   -105.29738     0.58      0.19     0.61     2 
0360324907   39.46777   -105.25901     0.49     -0.00     0.49     1 
0360324908   39.46785   -105.22065     0.51     -0.08     0.52     2 
0360324909   39.46792   -105.18229     0.48     -0.17     0.51     2 
0360324910   39.46797   -105.14392     0.55     -0.36     0.66     2 
0360324977   39.44070   -105.45066     0.93     -0.12     0.94     2 
0360324978   39.44084   -105.41231     0.75     -0.09     0.75     2 
0360324980   39.44109   -105.33561     0.69      0.04     0.69     2 
0360324981   39.44119   -105.29726     0.41      0.08     0.42     1 
0360324982   39.44128   -105.25892     0.53     -0.04     0.53     2 
0360324983   39.44136   -105.22057     0.58     -0.14     0.59     2 
0360324984   39.44143   -105.18222     0.68     -0.15     0.70     2 
0360324985   39.44148   -105.14387     0.57     -0.29     0.63     2 
0360324986   39.44152   -105.10552     0.30     -0.36     0.47     1 
0360325054   39.41448   -105.37382     0.84      0.03     0.84     2 
0360325055   39.41459   -105.33549     0.70      0.16     0.72     2 
0360325056   39.41470   -105.29715     0.90      0.11     0.91     2 
0360325057   39.41479   -105.25882     0.54      0.21     0.58     2 
0360325058   39.41487   -105.22048     0.57      0.06     0.57     2 
0360325059   39.41494   -105.18215     0.72     -0.08     0.72     2 
0360325060   39.41499   -105.14381     0.54     -0.10     0.55     2 
0360325061   39.41503   -105.10548     0.50     -0.35     0.61     2 
0360325133   39.38838   -105.22040     0.48      0.13     0.50     1 
0360325134   39.38844   -105.18208     0.77     -0.03     0.78     2 
0360325136   39.38854   -105.10544     0.67     -0.38     0.77     2 
0360325137   39.38857   -105.06712     0.70     -0.41     0.81     2 
----------------------------------------------------------------------
---------------------------------------------------
Total correlated GCPs in Upper Left Quadrant: 281

GCP statistics this quadrant only (in Pixels)
Line residual statistics:
  Mean: 0.359
  Median: 0.391
  Standard Deviation: 0.418

Sample residual statistics:
  Mean: 0.182
  Median: 0.189
  Standard Deviation: 0.275

Quadrant RMSE: 0.642

---------------------------------------------------
Total correlated GCPs in Upper Right Quadrant: 52

GCP statistics this quadrant only (in Pixels)
Line residual statistics:
  Mean: -0.012
  Median: -0.012
  Standard Deviation: 0.536

Sample residual statistics:
  Mean: 0.081
  Median: 0.043
  Standard Deviation: 0.283

Quadrant RMSE: 0.611

---------------------------------------------------
Total correlated GCPs in Lower Left Quadrant: 281

GCP statistics this quadrant only (in Pixels)
Line residual statistics:
  Mean: -0.193
  Median: -0.208
  Standard Deviation: 0.353

Sample residual statistics:
  Mean: -0.027
  Median: -0.038
  Standard Deviation: 0.262

Quadrant RMSE: 0.480

---------------------------------------------------
Total correlated GCPs in Lower Right Quadrant: 72

GCP statistics this quadrant only (in Pixels)
Line residual statistics:
  Mean: 0.329
  Median: 0.429
  Standard Deviation: 0.374

Sample residual statistics:
  Mean: -0.032
  Median: -0.000
  Standard Deviation: 0.187

Quadrant RMSE: 0.533

---------------------------------------------------
---------------------------------------------------
Total correlated GCPs in scene: 686

GCP statistics entire scene (in Pixels)
Line residual statistics:
  Mean: 0.102
  Median: 0.103
  Standard Deviation: 0.478

Sample residual statistics:
  Mean: 0.066
  Median: 0.046
  Standard Deviation: 0.281

Scene RMSE: 0.567

