==============================================================================
==============================================================================
Thu. Mar. 8 2018                  LANDSAT 3                       Time: 23:18
                            Image Assessment System
                            GEOMETRIC VERIFY Report
==============================================================================
Order ID: 0101803081133_00026                          Path / Row - 36 / 32
Reference Image: L31XXX1178183000101_HDF.L1G

Color mapping per rank
----------------------
Rank  1 is Green: total residual <= 0.5
Rank  2 is Cyan: 0.5 < total residual <=  1
Rank  3 is Blue:  1 < total residual <=  2
Rank  4 is Yellow:  2 < total residual <=  3
Rank  5 is Red:  3 < total residual

Percentage of residuals by rank
-------------------------------
Rank   1 -- 75.0%
Rank   2 -- 25.0%
Rank   3 --  0.0%
Rank   4 --  0.0%
Rank   5 --  0.0%

       GCP    Latitude    Longitude  Sample   Line     Total    Rank
        ID                           Residual Residual Residual
              (Degree)    (Degree)   (Pixel)  (Pixel)  (Pixel)
----------------------------------------------------------------------
0360320090   41.08521   -105.82030     0.27      0.09     0.28     1 
0360320171   41.06018   -105.58006     0.13     -0.26     0.29     1 
0360320245   41.03349   -105.61980     0.05      0.07     0.09     1 
0360320246   41.03370   -105.57983     0.28     -0.67     0.73     2 
0360320251   41.03453   -105.37998     0.23     -0.08     0.25     1 
0360320252   41.03466   -105.34001    -0.67     -0.21     0.70     2 
0360320253   41.03477   -105.30003    -0.66     -0.26     0.71     2 
0360320316   41.00604   -105.77936    -0.31     -0.34     0.46     1 
0360320319   41.00679   -105.65951     0.11      0.18     0.21     1 
0360320321   41.00722   -105.57960     0.30     -0.57     0.65     2 
0360320325   41.00791   -105.41978     0.37      0.01     0.37     1 
0360320326   41.00805   -105.37982    -0.07     -0.00     0.07     1 
0360320327   41.00817   -105.33987    -0.67     -0.19     0.70     2 
0360320328   41.00828   -105.29991    -0.29     -0.41     0.50     2 
0360320329   41.00838   -105.25996    -0.05     -0.33     0.33     1 
0360320330   41.00846   -105.22000     0.12     -0.24     0.27     1 
0360320392   40.97982   -105.73912     0.09      0.45     0.45     1 
0360320393   40.98007   -105.69918     0.20      0.55     0.58     2 
0360320394   40.98031   -105.65924     0.24     -0.29     0.38     1 
0360320395   40.98053   -105.61930     0.27     -0.22     0.35     1 
0360320396   40.98073   -105.57937     0.29     -0.50     0.58     2 
0360320397   40.98093   -105.53943     0.43     -0.29     0.52     2 
0360320399   40.98127   -105.45955     0.76      0.17     0.78     2 
0360320400   40.98143   -105.41961     0.44     -0.31     0.53     2 
0360320401   40.98157   -105.37967    -0.06     -0.06     0.08     1 
0360320402   40.98169   -105.33973    -0.37     -0.14     0.40     1 
0360320404   40.98190   -105.25985     0.10     -0.23     0.25     1 
0360320405   40.98198   -105.21991     0.21     -0.17     0.27     1 
0360320406   40.98205   -105.17997     0.18      0.03     0.18     1 
0360320408   40.98215   -105.10009    -0.45     -0.21     0.50     1 
0360320409   40.98217   -105.06015    -0.26     -0.23     0.35     1 
0360320468   40.95359   -105.69890    -0.01     -0.31     0.31     1 
0360320469   40.95382   -105.65898     0.30     -0.29     0.42     1 
0360320470   40.95404   -105.61906     0.03     -0.29     0.29     1 
0360320471   40.95425   -105.57914     0.40     -0.40     0.56     2 
0360320472   40.95444   -105.53921     0.67     -0.05     0.67     2 
0360320475   40.95494   -105.41944     0.57     -0.35     0.67     2 
0360320476   40.95508   -105.37952     0.19     -0.14     0.24     1 
0360320477   40.95521   -105.33960    -0.28      0.06     0.28     1 
0360320479   40.95541   -105.25975     0.03     -0.25     0.25     1 
0360320480   40.95550   -105.21982     0.10     -0.22     0.25     1 
0360320481   40.95556   -105.17990     0.03     -0.11     0.12     1 
0360320482   40.95562   -105.13998    -0.07     -0.20     0.22     1 
0360320483   40.95566   -105.10005    -0.31     -0.12     0.33     1 
0360320488   40.95566   -104.90042    -0.12     -0.18     0.21     1 
0360320539   40.92603   -105.85824     0.32      0.72     0.79     2 
0360320541   40.92659   -105.77843     0.01      0.38     0.38     1 
0360320544   40.92734   -105.65872     0.62     -0.11     0.63     2 
0360320545   40.92756   -105.61881     0.43     -0.44     0.61     2 
0360320546   40.92777   -105.57891     0.55     -0.35     0.65     2 
0360320547   40.92796   -105.53900     0.79      0.13     0.80     2 
0360320550   40.92846   -105.41928     0.57     -0.15     0.59     2 
0360320551   40.92860   -105.37937    -0.03     -0.03     0.04     1 
0360320556   40.92908   -105.17983    -0.20     -0.05     0.21     1 
0360320557   40.92914   -105.13992    -0.24     -0.15     0.28     1 
0360320558   40.92918   -105.10001     0.01     -0.33     0.33     1 
0360320564   40.92914   -104.86056    -0.38     -0.09     0.39     1 
0360320565   40.92908   -104.82065    -0.15     -0.16     0.22     1 
0360320566   40.92901   -104.78074    -0.01      0.09     0.09     1 
0360320567   40.92893   -104.74083     0.02      0.04     0.04     1 
0360320568   40.92883   -104.70092    -0.36      0.07     0.37     1 
0360320569   40.92872   -104.66101    -0.42     -0.01     0.42     1 
0360320570   40.92860   -104.62111    -0.46     -0.14     0.48     1 
0360320616   40.90011   -105.77812    -0.08      0.03     0.09     1 
0360320620   40.90108   -105.61856     0.51     -0.39     0.64     2 
0360320621   40.90129   -105.57867     0.75     -0.17     0.77     2 
0360320625   40.90198   -105.41911     0.25      0.10     0.27     1 
0360320626   40.90211   -105.37922    -0.35      0.06     0.35     1 
0360320630   40.90253   -105.21965     0.15      0.04     0.15     1 
0360320631   40.90260   -105.17976    -0.20      0.19     0.27     1 
0360320632   40.90265   -105.13986    -0.06     -0.21     0.22     1 
0360320633   40.90269   -105.09997    -0.08     -0.40     0.41     1 
0360320641   40.90253   -104.78083     0.10      0.02     0.10     1 
0360320642   40.90245   -104.74093     0.03      0.18     0.19     1 
0360320644   40.90224   -104.66115    -0.24     -0.02     0.24     1 
0360320645   40.90212   -104.62126    -0.06      0.05     0.08     1 
0360320646   40.90198   -104.58137    -0.21      0.33     0.39     1 
0360320690   40.87335   -105.81768    -0.02      0.12     0.12     1 
0360320696   40.87480   -105.57844     0.48     -0.04     0.48     1 
0360320703   40.87586   -105.29932     0.51     -0.08     0.52     2 
0360320705   40.87604   -105.21956    -0.20      0.11     0.23     1 
0360320708   40.87621   -105.09993     0.19     -0.21     0.29     1 
0360320720   40.87563   -104.62141    -0.23      0.07     0.24     1 
0360320722   40.87534   -104.54166    -0.22     -0.20     0.30     1 
0360320767   40.84741   -105.73764     0.41     -0.12     0.43     1 
0360320769   40.84789   -105.65793     0.49     -0.15     0.51     2 
0360320770   40.84811   -105.61807     0.56     -0.32     0.64     2 
0360320775   40.84901   -105.41878     0.18      0.05     0.19     1 
0360320776   40.84915   -105.37892     0.30     -0.15     0.34     1 
0360320777   40.84927   -105.33906     0.46     -0.03     0.46     1 
0360320778   40.84938   -105.29919     0.27      0.17     0.32     1 
0360320780   40.84956   -105.21947    -0.09      0.03     0.09     1 
0360320782   40.84968   -105.13975    -0.14     -0.15     0.21     1 
0360320791   40.84956   -104.78100    -0.18     -0.02     0.18     1 
0360320795   40.84915   -104.62156     0.10      0.07     0.12     1 
0360320797   40.84886   -104.54184     0.10      0.05     0.11     1 
0360320798   40.84869   -104.50198     0.01     -0.02     0.02     1 
0360320799   40.84851   -104.46212    -0.43     -0.30     0.52     2 
0360320807   40.84659   -104.14326    -0.27     -0.23     0.35     1 
0360320837   40.81948   -105.93655     0.76     -0.09     0.76     2 
0360320840   40.82039   -105.81703     0.06     -0.41     0.42     1 
0360320842   40.82093   -105.73735     0.59     -0.32     0.67     2 
0360320845   40.82163   -105.61782     0.65     -0.17     0.67     2 
0360320851   40.82266   -105.37877     0.20     -0.21     0.29     1 
0360320857   40.82320   -105.13970    -0.06     -0.11     0.13     1 
0360320874   40.82203   -104.46233    -0.17     -0.06     0.18     1 
0360320882   40.82010   -104.14360    -0.24     -0.10     0.26     1 
0360320886   40.81881   -103.98425    -0.47     -0.01     0.47     1 
0360320887   40.81845   -103.94442    -0.14     -0.13     0.19     1 
0360320913   40.79331   -105.89635     0.48     -0.24     0.54     2 
0360320914   40.79362   -105.85653     0.16     -0.27     0.32     1 
0360320915   40.79391   -105.81670     0.12     -0.29     0.31     1 
0360320916   40.79418   -105.77688    -0.10     -0.12     0.16     1 
0360320917   40.79444   -105.73706     0.38      0.05     0.39     1 
0360320920   40.79514   -105.61758     0.78     -0.15     0.80     2 
0360320921   40.79535   -105.57775     0.50      0.44     0.66     2 
0360320924   40.79589   -105.45827     0.76      0.10     0.76     2 
0360320931   40.79666   -105.17947    -0.15     -0.04     0.16     1 
0360320942   40.79651   -104.74135    -0.14      0.19     0.23     1 
0360320957   40.79362   -104.14395    -0.25     -0.18     0.30     1 
0360320958   40.79332   -104.10412    -0.43     -0.26     0.50     1 
0360320959   40.79300   -104.06430    -0.09     -0.18     0.21     1 
0360320960   40.79267   -104.02448    -0.27     -0.27     0.38     1 
0360320961   40.79233   -103.98466    -0.32      0.07     0.33     1 
0360320962   40.79197   -103.94484    -0.35     -0.08     0.36     1 
0360320963   40.79160   -103.90502    -0.72     -0.30     0.78     2 
0360320987   40.76652   -105.93580     0.71      0.26     0.75     2 
0360320988   40.76683   -105.89600     0.10     -0.34     0.36     1 
0360320989   40.76714   -105.85619     0.15     -0.13     0.20     1 
0360320990   40.76742   -105.81638     0.36     -0.19     0.41     1 
0360320991   40.76770   -105.77657     0.09     -0.20     0.22     1 
0360320992   40.76796   -105.73676     0.63     -0.00     0.63     2 
0360320993   40.76821   -105.69695     0.14      0.33     0.36     1 
0360320995   40.76866   -105.61733     0.80      0.10     0.80     2 
0360320999   40.76940   -105.45809     0.14      0.13     0.19     1 
0360321001   40.76969   -105.37846     0.39     -0.10     0.40     1 
0360321003   40.76993   -105.29884     0.51      0.60     0.78     2 
0360321004   40.77002   -105.25903     0.56      0.51     0.76     2 
0360321005   40.77010   -105.21921     0.38      0.28     0.48     1 
0360321006   40.77017   -105.17940     0.34     -0.07     0.35     1 
0360321031   40.76743   -104.18409    -0.02     -0.11     0.11     1 
0360321032   40.76714   -104.14428    -0.30     -0.32     0.43     1 
0360321033   40.76684   -104.10448    -0.38     -0.34     0.51     2 
0360321034   40.76652   -104.06467     0.05     -0.14     0.15     1 
0360321035   40.76619   -104.02487    -0.14      0.02     0.14     1 
0360321036   40.76585   -103.98506    -0.09      0.01     0.09     1 
0360321037   40.76549   -103.94526    -0.14     -0.08     0.16     1 
0360321040   40.76434   -103.82585    -0.18      0.12     0.22     1 
0360321064   40.74065   -105.85585     0.13     -0.09     0.16     1 
0360321068   40.74172   -105.69668     0.00      0.67     0.67     2 
0360321074   40.74292   -105.45791    -0.01      0.37     0.37     1 
0360321075   40.74307   -105.41811     0.20     -0.09     0.22     1 
0360321076   40.74321   -105.37831     0.27     -0.05     0.28     1 
0360321077   40.74333   -105.33852     0.79     -0.04     0.79     2 
0360321078   40.74344   -105.29872     0.31      0.30     0.43     1 
0360321079   40.74354   -105.25892     0.26      0.39     0.47     1 
0360321080   40.74362   -105.21913     0.27      0.01     0.27     1 
0360321084   40.74381   -105.05993     0.21     -0.02     0.21     1 
0360321085   40.74383   -105.02014     0.06     -0.19     0.20     1 
0360321086   40.74383   -104.98034     0.15     -0.09     0.18     1 
0360321099   40.74258   -104.46298    -0.10     -0.23     0.25     1 
0360321106   40.74094   -104.18442    -0.07     -0.16     0.17     1 
0360321107   40.74066   -104.14463    -0.17     -0.39     0.43     1 
0360321108   40.74036   -104.10483    -0.22     -0.34     0.41     1 
0360321112   40.73901   -103.94567    -0.17     -0.10     0.20     1 
0360321115   40.73786   -103.82631    -0.49      0.01     0.49     1 
0360321138   40.71387   -105.89529     0.35     -0.36     0.50     2 
0360321139   40.71417   -105.85551     0.11     -0.19     0.22     1 
0360321144   40.71547   -105.65662     0.23      0.04     0.23     1 
0360321148   40.71627   -105.49751     0.50      0.20     0.54     2 
0360321149   40.71643   -105.45773    -0.11      0.23     0.26     1 
0360321150   40.71658   -105.41795     0.08      0.08     0.11     1 
0360321151   40.71672   -105.37816     0.49     -0.27     0.56     2 
0360321152   40.71684   -105.33838     0.38      0.11     0.40     1 
0360321153   40.71695   -105.29860     0.20      0.45     0.49     1 
0360321154   40.71705   -105.25882     0.08      0.26     0.27     1 
0360321155   40.71713   -105.21904     0.07      0.05     0.09     1 
0360321156   40.71720   -105.17926     0.40     -0.25     0.48     1 
0360321159   40.71733   -105.05991     0.04      0.19     0.19     1 
0360321160   40.71734   -105.02013    -0.10     -0.16     0.19     1 
0360321184   40.71356   -104.06541    -0.30     -0.28     0.41     1 
0360321185   40.71323   -104.02564     0.01      0.17     0.17     1 
0360321186   40.71289   -103.98587    -0.05      0.03     0.06     1 
0360321187   40.71253   -103.94609    -0.10     -0.20     0.22     1 
0360321188   40.71216   -103.90632     0.11     -0.23     0.26     1 
0360321190   40.71138   -103.82678    -0.45     -0.24     0.51     2 
0360321213   40.68739   -105.89493    -0.22      0.20     0.30     1 
0360321214   40.68769   -105.85517     0.07      0.15     0.17     1 
0360321215   40.68798   -105.81541     0.25     -0.14     0.28     1 
0360321218   40.68876   -105.69613     0.50     -0.19     0.54     2 
0360321219   40.68899   -105.65636     0.22      0.07     0.23     1 
0360321220   40.68921   -105.61660     0.36      0.64     0.74     2 
0360321223   40.68978   -105.49731     0.06      0.39     0.40     1 
0360321224   40.68995   -105.45754    -0.45      0.20     0.50     1 
0360321225   40.69010   -105.41778    -0.13      0.13     0.18     1 
0360321226   40.69024   -105.37801     0.35     -0.04     0.35     1 
0360321227   40.69036   -105.33825     0.42      0.26     0.49     1 
0360321228   40.69047   -105.29848     0.17      0.45     0.48     1 
0360321229   40.69056   -105.25872     0.12      0.08     0.14     1 
0360321230   40.69065   -105.21895     0.14     -0.02     0.15     1 
0360321234   40.69084   -105.05989     0.39      0.47     0.61     2 
0360321235   40.69085   -105.02012     0.48      0.25     0.54     2 
0360321248   40.68979   -104.50316    -0.21      0.06     0.22     1 
0360321260   40.68675   -104.02603     0.09      0.08     0.12     1 
0360321261   40.68641   -103.98627     0.13      0.07     0.15     1 
0360321263   40.68568   -103.90675     0.01      0.17     0.17     1 
0360321288   40.66090   -105.89458    -0.43      0.62     0.76     2 
0360321289   40.66121   -105.85483     0.14      0.19     0.24     1 
0360321292   40.66203   -105.73560     0.70     -0.00     0.70     2 
0360321293   40.66227   -105.69585     0.34      0.02     0.34     1 
0360321298   40.66330   -105.49711    -0.08      0.54     0.55     2 
0360321299   40.66346   -105.45736    -0.31      0.34     0.46     1 
0360321300   40.66362   -105.41761     0.07      0.13     0.15     1 
0360321301   40.66375   -105.37786     0.49      0.04     0.49     1 
0360321302   40.66387   -105.33812     0.44      0.19     0.48     1 
0360321303   40.66398   -105.29837     0.37      0.28     0.46     1 
0360321304   40.66408   -105.25862     0.32      0.01     0.32     1 
0360321305   40.66416   -105.21886     0.24     -0.16     0.29     1 
0360321307   40.66429   -105.13936     0.32      0.33     0.46     1 
0360321308   40.66433   -105.09961     0.43      0.25     0.50     2 
0360321309   40.66435   -105.05986     0.07     -0.08     0.11     1 
0360321310   40.66437   -105.02011    -0.27     -0.14     0.31     1 
0360321321   40.66362   -104.58286     0.07     -0.01     0.07     1 
0360321338   40.65920   -103.90718    -0.05      0.09     0.11     1 
0360321364   40.63472   -105.85450     0.20      0.08     0.21     1 
0360321365   40.63501   -105.81477     0.73      0.20     0.75     2 
0360321368   40.63579   -105.69558    -0.27      0.21     0.34     1 
0360321373   40.63681   -105.49692     0.18      0.33     0.38     1 
0360321374   40.63698   -105.45718    -0.25      0.29     0.38     1 
0360321375   40.63713   -105.41745     0.71     -0.07     0.71     2 
0360321376   40.63727   -105.37771     0.76      0.18     0.78     2 
0360321377   40.63739   -105.33798     0.37      0.31     0.48     1 
0360321378   40.63750   -105.29825     0.49      0.20     0.53     2 
0360321379   40.63759   -105.25851     0.32      0.03     0.32     1 
0360321380   40.63768   -105.21878     0.29      0.03     0.29     1 
0360321386   40.63788   -104.98037     0.30      0.02     0.30     1 
0360321387   40.63787   -104.94063     0.30      0.24     0.38     1 
0360321412   40.63309   -103.94734    -0.37     -0.64     0.73     2 
0360321438   40.60794   -105.89387    -0.11      0.54     0.55     2 
0360321440   40.60853   -105.81444     0.40      0.41     0.57     2 
0360321442   40.60906   -105.73502     0.01      0.28     0.28     1 
0360321443   40.60930   -105.69530    -0.28      0.33     0.43     1 
0360321448   40.61033   -105.49672     0.27      0.42     0.50     1 
0360321449   40.61049   -105.45700     0.11      0.28     0.30     1 
0360321452   40.61090   -105.33785     0.64      0.21     0.67     2 
0360321453   40.61101   -105.29813     0.48      0.16     0.51     2 
0360321454   40.61111   -105.25841     0.35      0.15     0.38     1 
0360321455   40.61119   -105.21869     0.41     -0.02     0.41     1 
0360321463   40.61136   -104.90094    -0.12      0.03     0.12     1 
0360321464   40.61131   -104.86122     0.25      0.06     0.26     1 
0360321511   40.58082   -105.97291     0.46      0.14     0.48     1 
0360321516   40.58232   -105.77442    -0.02      0.19     0.19     1 
0360321518   40.58282   -105.69503    -0.23      0.59     0.64     2 
0360321523   40.58384   -105.49652     0.17      0.30     0.34     1 
0360321524   40.58401   -105.45682     0.27      0.20     0.33     1 
0360321525   40.58416   -105.41712     0.81      0.11     0.81     2 
0360321528   40.58453   -105.29801     0.51      0.44     0.68     2 
0360321529   40.58462   -105.25831     0.60      0.06     0.61     2 
0360321530   40.58470   -105.21861     0.48      0.04     0.48     1 
0360321586   40.55433   -105.97253     0.51      0.06     0.52     2 
0360321587   40.55466   -105.93285    -0.31      0.49     0.58     2 
0360321589   40.55527   -105.85348     0.02      0.22     0.22     1 
0360321590   40.55556   -105.81380     0.34     -0.10     0.35     1 
0360321592   40.55609   -105.73444    -0.41     -0.01     0.41     1 
0360321597   40.55718   -105.53601     0.60      0.52     0.79     2 
0360321598   40.55736   -105.49633     0.24      0.35     0.43     1 
0360321599   40.55752   -105.45664     0.42      0.04     0.43     1 
0360321602   40.55793   -105.33758     0.60      0.42     0.73     2 
0360321603   40.55804   -105.29789     0.48      0.60     0.77     2 
0360321604   40.55814   -105.25821     0.77      0.03     0.77     2 
0360321662   40.52818   -105.93248    -0.08      0.21     0.23     1 
0360321664   40.52879   -105.85315     0.14      0.13     0.19     1 
0360321665   40.52908   -105.81348     0.30      0.03     0.30     1 
0360321666   40.52935   -105.77381     0.13     -0.12     0.18     1 
0360321667   40.52961   -105.73415     0.47     -0.39     0.61     2 
0360321671   40.53051   -105.57547     0.53      0.54     0.75     2 
0360321672   40.53070   -105.53580    -0.21      0.57     0.60     2 
0360321673   40.53087   -105.49613    -0.11      0.25     0.28     1 
0360321678   40.53156   -105.29778     0.43      0.31     0.53     2 
0360321679   40.53165   -105.25811     0.55      0.10     0.56     2 
0360321690   40.53180   -104.82171     0.21      0.30     0.37     1 
0360321737   40.50169   -105.93211    -0.44     -0.07     0.45     1 
0360321738   40.50201   -105.89246    -0.14      0.00     0.14     1 
0360321739   40.50231   -105.85281     0.48     -0.04     0.48     1 
0360321740   40.50259   -105.81316     0.25     -0.11     0.27     1 
0360321742   40.50312   -105.73386    -0.48     -0.06     0.49     1 
0360321743   40.50337   -105.69421    -0.00      0.46     0.46     1 
0360321747   40.50421   -105.53559    -0.09      0.47     0.48     1 
0360321748   40.50439   -105.49594    -0.16      0.30     0.34     1 
0360321751   40.50484   -105.37697     0.70      0.16     0.71     2 
0360321752   40.50496   -105.33732     0.63      0.52     0.81     2 
0360321765   40.50532   -104.82178     0.17      0.11     0.20     1 
0360321777   40.50360   -104.34592     0.10      0.13     0.16     1 
0360321812   40.47521   -105.93175    -0.65      0.17     0.67     2 
0360321814   40.47582   -105.85248     0.14      0.07     0.16     1 
0360321816   40.47638   -105.77321    -0.16     -0.07     0.18     1 
0360321817   40.47664   -105.73357     0.01     -0.51     0.52     2 
0360321824   40.47807   -105.45610     0.59     -0.30     0.66     2 
0360321825   40.47822   -105.41646     0.51     -0.08     0.51     2 
0360321826   40.47835   -105.37682     0.49      0.09     0.50     1 
0360321827   40.47847   -105.33718     0.47      0.50     0.69     2 
0360321829   40.47868   -105.25790     0.57      0.20     0.60     2 
0360321842   40.47868   -104.74257     0.31      0.51     0.60     2 
0360321861   40.47455   -103.98946     0.07      0.04     0.08     1 
0360321885   40.44806   -106.01062     0.27     -0.29     0.40     1 
0360321886   40.44840   -105.97100    -0.06     -0.42     0.42     1 
0360321887   40.44873   -105.93138    -0.37     -0.22     0.43     1 
0360321888   40.44904   -105.89176     0.69      0.08     0.70     2 
0360321889   40.44934   -105.85214    -0.04      0.06     0.07     1 
0360321890   40.44962   -105.81252    -0.17      0.17     0.24     1 
0360321897   40.45124   -105.53517    -0.20     -0.02     0.20     1 
0360321898   40.45142   -105.49555     0.18     -0.02     0.18     1 
0360321899   40.45158   -105.45592     0.69     -0.14     0.70     2 
0360321900   40.45173   -105.41630     0.52     -0.07     0.52     2 
0360321901   40.45187   -105.37668     0.57      0.17     0.59     2 
0360321902   40.45199   -105.33705     0.20      0.13     0.24     1 
0360321903   40.45210   -105.29743     0.32      0.01     0.32     1 
0360321904   40.45219   -105.25780     0.62      0.08     0.62     2 
0360321909   40.45246   -105.05967    -0.23     -0.35     0.42     1 
0360321937   40.44771   -103.95024     0.57      0.12     0.58     2 
0360321960   40.42158   -106.01022     0.17     -0.07     0.19     1 
0360321962   40.42224   -105.93101    -0.33      0.11     0.34     1 
0360321964   40.42285   -105.85181    -0.24      0.42     0.48     1 
0360321966   40.42341   -105.77260    -0.26      0.12     0.29     1 
0360321970   40.42436   -105.61418     0.64     -0.06     0.65     2 
0360321972   40.42475   -105.53496     0.01      0.03     0.03     1 
0360321973   40.42493   -105.49535     0.28     -0.21     0.34     1 
0360321974   40.42509   -105.45574     0.66     -0.23     0.70     2 
0360321975   40.42524   -105.41614     0.66     -0.04     0.66     2 
0360321976   40.42538   -105.37653     0.70      0.07     0.71     2 
0360321977   40.42550   -105.33692     0.36     -0.01     0.36     1 
0360321978   40.42561   -105.29731     0.29     -0.08     0.30     1 
0360321979   40.42571   -105.25770     0.46      0.03     0.46     1 
0360321980   40.42579   -105.21809     0.65      0.29     0.71     2 
0360321983   40.42595   -105.09926     0.13     -0.07     0.15     1 
0360321985   40.42599   -105.02004     0.24     -0.70     0.74     2 
0360322012   40.42123   -103.95065     0.73      0.28     0.78     2 
0360322035   40.39510   -106.00982     0.08     -0.20     0.21     1 
0360322037   40.39576   -105.93065    -0.09     -0.08     0.13     1 
0360322039   40.39637   -105.85147     0.40      0.05     0.40     1 
0360322040   40.39666   -105.81189    -0.43      0.11     0.44     1 
0360322046   40.39808   -105.57434     0.18     -0.24     0.30     1 
0360322047   40.39827   -105.53475    -0.04     -0.15     0.16     1 
0360322048   40.39845   -105.49516     0.21     -0.16     0.26     1 
0360322049   40.39861   -105.45557     0.39     -0.02     0.39     1 
0360322050   40.39876   -105.41597     0.47     -0.01     0.47     1 
0360322051   40.39889   -105.37638     0.38      0.12     0.40     1 
0360322052   40.39901   -105.33679     0.51     -0.23     0.56     2 
0360322053   40.39912   -105.29719     0.48     -0.41     0.63     2 
0360322054   40.39922   -105.25760     0.55     -0.11     0.56     2 
0360322058   40.39946   -105.09922     0.30     -0.12     0.32     1 
0360322110   40.36861   -106.00943     0.15     -0.38     0.41     1 
0360322111   40.36895   -105.96986    -0.14     -0.26     0.30     1 
0360322112   40.36928   -105.93028     0.33     -0.08     0.34     1 
0360322114   40.36989   -105.85114     0.22     -0.12     0.25     1 
0360322120   40.37139   -105.61369     0.43     -0.22     0.48     1 
0360322121   40.37159   -105.57412    -0.03     -0.13     0.13     1 
0360322122   40.37178   -105.53454    -0.03     -0.14     0.14     1 
0360322123   40.37196   -105.49496     0.20     -0.40     0.45     1 
0360322124   40.37212   -105.45539     0.61     -0.17     0.63     2 
0360322125   40.37227   -105.41581     0.66     -0.14     0.67     2 
0360322126   40.37241   -105.37623     0.47      0.02     0.47     1 
0360322127   40.37253   -105.33665     0.21     -0.11     0.23     1 
0360322128   40.37264   -105.29708     0.10     -0.21     0.23     1 
0360322129   40.37273   -105.25750     0.50      0.02     0.50     1 
0360322130   40.37281   -105.21792     0.71      0.07     0.72     2 
0360322184   40.34178   -106.04859     0.40     -0.16     0.43     1 
0360322185   40.34213   -106.00903    -0.19     -0.24     0.31     1 
0360322187   40.34279   -105.92992    -0.21      0.19     0.29     1 
0360322188   40.34311   -105.89037     0.39     -0.38     0.54     2 
0360322189   40.34340   -105.85081     0.12     -0.12     0.16     1 
0360322190   40.34369   -105.81125     0.13     -0.53     0.54     2 
0360322195   40.34490   -105.61345     0.50     -0.05     0.50     2 
0360322196   40.34511   -105.57389    -0.14     -0.11     0.17     1 
0360322197   40.34530   -105.53433    -0.02     -0.12     0.12     1 
0360322198   40.34547   -105.49477     0.40     -0.35     0.54     2 
0360322199   40.34564   -105.45521     0.66     -0.28     0.71     2 
0360322200   40.34578   -105.41565     0.51     -0.17     0.54     2 
0360322201   40.34592   -105.37609     0.31     -0.01     0.31     1 
0360322202   40.34604   -105.33652     0.09     -0.08     0.12     1 
0360322203   40.34615   -105.29696     0.42     -0.16     0.45     1 
0360322204   40.34625   -105.25740     0.70      0.17     0.73     2 
0360322207   40.34645   -105.13871     0.05     -0.31     0.32     1 
0360322208   40.34649   -105.09914    -0.01      0.07     0.07     1 
0360322228   40.34446   -104.30790     0.77     -0.03     0.77     2 
0360322258   40.31493   -106.08772     0.67     -0.06     0.67     2 
0360322259   40.31530   -106.04818     0.43     -0.27     0.51     2 
0360322260   40.31565   -106.00864    -0.07     -0.05     0.09     1 
0360322261   40.31598   -105.96910    -0.63     -0.18     0.65     2 
0360322264   40.31692   -105.85048    -0.13     -0.28     0.31     1 
0360322265   40.31720   -105.81093    -0.12     -0.63     0.64     2 
0360322269   40.31820   -105.65276     0.72      0.22     0.75     2 
0360322270   40.31842   -105.61321     0.41     -0.02     0.41     1 
0360322271   40.31862   -105.57367    -0.44     -0.02     0.44     1 
0360322272   40.31881   -105.53412     0.10      0.01     0.10     1 
0360322273   40.31899   -105.49458     0.43     -0.26     0.50     2 
0360322274   40.31915   -105.45503     0.61     -0.35     0.70     2 
0360322275   40.31930   -105.41549     0.71     -0.17     0.73     2 
0360322276   40.31943   -105.37594     0.43     -0.25     0.50     1 
0360322277   40.31956   -105.33639     0.08     -0.20     0.21     1 
0360322278   40.31966   -105.29684     0.39     -0.08     0.40     1 
0360322279   40.31976   -105.25730     0.69     -0.09     0.70     2 
0360322281   40.31991   -105.17820    -0.30      0.18     0.35     1 
0360322282   40.31996   -105.13865     0.02     -0.27     0.27     1 
0360322283   40.32000   -105.09911    -0.04      0.05     0.06     1 
0360322284   40.32003   -105.05956    -0.08     -0.38     0.39     1 
0360322285   40.32004   -105.02001     0.01     -0.33     0.33     1 
0360322333   40.28845   -106.08729     0.37     -0.17     0.41     1 
0360322335   40.28916   -106.00824    -0.77     -0.01     0.77     2 
0360322336   40.28950   -105.96872    -0.35     -0.26     0.43     1 
0360322337   40.28983   -105.92919    -0.30     -0.09     0.31     1 
0360322339   40.29043   -105.85014    -0.41     -0.44     0.60     2 
0360322340   40.29072   -105.81062    -0.27     -0.08     0.28     1 
0360322341   40.29099   -105.77109    -0.42      0.16     0.45     1 
0360322346   40.29214   -105.57345    -0.51      0.30     0.59     2 
0360322347   40.29232   -105.53391     0.12     -0.12     0.17     1 
0360322350   40.29281   -105.41532     0.32      0.04     0.32     1 
0360322351   40.29295   -105.37579     0.23      0.00     0.23     1 
0360322352   40.29307   -105.33626     0.07     -0.01     0.07     1 
0360322353   40.29318   -105.29673     0.22     -0.03     0.22     1 
0360322354   40.29327   -105.25720     0.73      0.10     0.74     2 
0360322355   40.29335   -105.21766     0.46      0.42     0.62     2 
0360322408   40.26197   -106.08687     0.47     -0.43     0.64     2 
0360322409   40.26233   -106.04736    -0.16     -0.44     0.47     1 
0360322411   40.26302   -105.96834    -0.34     -0.31     0.46     1 
0360322412   40.26334   -105.92883    -0.09     -0.13     0.16     1 
0360322414   40.26395   -105.84981    -0.38     -0.42     0.57     2 
0360322415   40.26423   -105.81030    -0.22     -0.05     0.22     1 
0360322416   40.26450   -105.77079     0.40      0.08     0.41     1 
0360322422   40.26584   -105.53371     0.46     -0.30     0.55     2 
0360322425   40.26633   -105.41516     0.20      0.33     0.39     1 
0360322426   40.26646   -105.37565     0.23     -0.05     0.24     1 
0360322427   40.26658   -105.33613     0.26     -0.15     0.31     1 
0360322428   40.26669   -105.29661     0.26      0.05     0.27     1 
0360322429   40.26678   -105.25710     0.38     -0.03     0.39     1 
0360322430   40.26687   -105.21758     0.48      0.30     0.56     2 
0360322432   40.26699   -105.13854     0.06     -0.31     0.32     1 
0360322483   40.23548   -106.08644     0.43     -0.30     0.52     2 
0360322484   40.23585   -106.04695    -0.24     -0.44     0.50     2 
0360322485   40.23620   -106.00746    -0.42     -0.24     0.48     1 
0360322486   40.23653   -105.96796    -0.09     -0.17     0.19     1 
0360322487   40.23686   -105.92847     0.10     -0.17     0.20     1 
0360322488   40.23717   -105.88898     0.09     -0.23     0.24     1 
0360322489   40.23746   -105.84948    -0.37     -0.54     0.65     2 
0360322490   40.23775   -105.80998    -0.24     -0.19     0.31     1 
0360322495   40.23896   -105.61250     0.11      0.30     0.32     1 
0360322497   40.23935   -105.53350     0.55     -0.32     0.63     2 
0360322498   40.23953   -105.49400     0.64     -0.13     0.65     2 
0360322499   40.23969   -105.45450     0.47      0.00     0.47     1 
0360322500   40.23984   -105.41500     0.17      0.08     0.19     1 
0360322501   40.23997   -105.37550    -0.21      0.10     0.23     1 
0360322502   40.24009   -105.33600     0.05     -0.16     0.17     1 
0360322503   40.24020   -105.29650     0.36      0.15     0.39     1 
0360322504   40.24030   -105.25700     0.55      0.42     0.69     2 
0360322507   40.24050   -105.13849    -0.26     -0.17     0.31     1 
0360322557   40.20862   -106.12550     0.12      0.06     0.14     1 
0360322558   40.20900   -106.08602    -0.01     -0.23     0.23     1 
0360322559   40.20936   -106.04654    -0.35     -0.41     0.54     2 
0360322560   40.20971   -106.00706    -0.36     -0.33     0.49     1 
0360322561   40.21005   -105.96759     0.02     -0.16     0.16     1 
0360322562   40.21037   -105.92811     0.46     -0.04     0.46     1 
0360322563   40.21068   -105.88863     0.30     -0.24     0.38     1 
0360322564   40.21098   -105.84915    -0.12     -0.46     0.48     1 
0360322565   40.21126   -105.80967     0.10     -0.28     0.30     1 
0360322571   40.21268   -105.57278    -0.11     -0.14     0.18     1 
0360322572   40.21287   -105.53329     0.35     -0.29     0.46     1 
0360322573   40.21304   -105.49381     0.32     -0.16     0.36     1 
0360322574   40.21320   -105.45432     0.32      0.00     0.32     1 
0360322575   40.21335   -105.41484     0.08      0.14     0.17     1 
0360322576   40.21348   -105.37535    -0.36     -0.06     0.37     1 
0360322577   40.21361   -105.33587     0.10     -0.12     0.15     1 
0360322578   40.21372   -105.29638     0.39      0.22     0.45     1 
0360322582   40.21401   -105.13844    -0.26     -0.25     0.36     1 
0360322632   40.18214   -106.12506     0.10     -0.08     0.13     1 
0360322633   40.18252   -106.08560    -0.17     -0.16     0.23     1 
0360322634   40.18288   -106.04614    -0.37     -0.23     0.43     1 
0360322635   40.18323   -106.00667     0.08     -0.26     0.27     1 
0360322636   40.18357   -105.96721     0.44     -0.17     0.47     1 
0360322637   40.18389   -105.92775     0.32      0.07     0.33     1 
0360322638   40.18420   -105.88828     0.30      0.07     0.31     1 
0360322639   40.18449   -105.84882     0.18     -0.54     0.57     2 
0360322640   40.18478   -105.80935     0.06     -0.15     0.16     1 
0360322641   40.18505   -105.76989    -0.19      0.14     0.23     1 
0360322647   40.18638   -105.53308     0.34     -0.19     0.39     1 
0360322648   40.18655   -105.49362     0.29     -0.06     0.29     1 
0360322649   40.18671   -105.45414     0.25     -0.04     0.25     1 
0360322650   40.18686   -105.41468     0.13     -0.13     0.18     1 
0360322651   40.18700   -105.37521    -0.01     -0.18     0.18     1 
0360322652   40.18712   -105.33574     0.31     -0.15     0.34     1 
0360322653   40.18723   -105.29627     0.26      0.11     0.28     1 
0360322655   40.18740   -105.21733    -0.13     -0.05     0.14     1 
0360322660   40.18760   -105.01997    -0.64      0.41     0.76     2 
0360322707   40.15566   -106.12462     0.13     -0.02     0.14     1 
0360322708   40.15603   -106.08518    -0.34     -0.14     0.37     1 
0360322709   40.15640   -106.04573    -0.69     -0.16     0.70     2 
0360322710   40.15675   -106.00628    -0.17     -0.02     0.17     1 
0360322711   40.15708   -105.96684    -0.16     -0.15     0.23     1 
0360322712   40.15740   -105.92739     0.14     -0.31     0.34     1 
0360322713   40.15771   -105.88794    -0.36     -0.00     0.36     1 
0360322714   40.15801   -105.84849    -0.27     -0.38     0.47     1 
0360322715   40.15829   -105.80904    -0.13      0.04     0.14     1 
0360322721   40.15970   -105.57233    -0.12      0.08     0.15     1 
0360322722   40.15989   -105.53288     0.46     -0.05     0.46     1 
0360322724   40.16023   -105.45397    -0.07      0.01     0.07     1 
0360322725   40.16038   -105.41451    -0.04     -0.28     0.28     1 
0360322726   40.16051   -105.37506     0.09     -0.23     0.25     1 
0360322727   40.16063   -105.33561     0.25     -0.16     0.29     1 
0360322728   40.16074   -105.29615     0.40     -0.10     0.41     1 
0360322782   40.12917   -106.12418     0.34     -0.15     0.37     1 
0360322783   40.12955   -106.08475    -0.11     -0.42     0.43     1 
0360322784   40.12991   -106.04532    -0.17     -0.06     0.18     1 
0360322786   40.13060   -105.96646    -0.72      0.04     0.72     2 
0360322787   40.13092   -105.92703     0.39     -0.17     0.43     1 
0360322788   40.13123   -105.88759    -0.14     -0.48     0.50     1 
0360322789   40.13152   -105.84816    -0.32     -0.29     0.43     1 
0360322791   40.13208   -105.76929     0.17      0.36     0.40     1 
0360322793   40.13257   -105.69042    -0.07      0.09     0.11     1 
0360322796   40.13322   -105.57211    -0.17      0.28     0.33     1 
0360322798   40.13358   -105.49323     0.74     -0.06     0.74     2 
0360322799   40.13374   -105.45379     0.31     -0.10     0.32     1 
0360322800   40.13389   -105.41435    -0.00     -0.26     0.26     1 
0360322801   40.13402   -105.37492    -0.07     -0.11     0.13     1 
0360322802   40.13414   -105.33548     0.14      0.09     0.16     1 
0360322803   40.13425   -105.29604     0.23      0.02     0.23     1 
0360322856   40.10230   -106.16316     0.24      0.69     0.74     2 
0360322859   40.10343   -106.04492     0.15     -0.20     0.25     1 
0360322860   40.10378   -106.00550    -0.27     -0.01     0.27     1 
0360322863   40.10474   -105.88725     0.25     -0.27     0.37     1 
0360322864   40.10504   -105.84783     0.32     -0.25     0.41     1 
0360322865   40.10532   -105.80841     0.35      0.20     0.40     1 
0360322866   40.10559   -105.76899     0.59     -0.24     0.63     2 
0360322867   40.10584   -105.72957     0.49      0.15     0.51     2 
0360322868   40.10609   -105.69015    -0.15     -0.06     0.16     1 
0360322869   40.10631   -105.65073    -0.13      0.07     0.14     1 
0360322874   40.10725   -105.45362     0.39     -0.01     0.39     1 
0360322875   40.10740   -105.41419     0.04     -0.18     0.18     1 
0360322932   40.07621   -106.12331     0.03     -0.41     0.41     1 
0360322933   40.07658   -106.08391    -0.42     -0.44     0.61     2 
0360322934   40.07694   -106.04451     0.22     -0.36     0.42     1 
0360322935   40.07729   -106.00511     0.55     -0.21     0.58     2 
0360322938   40.07826   -105.88690    -0.01     -0.01     0.01     1 
0360322939   40.07855   -105.84750     0.09     -0.13     0.16     1 
0360322940   40.07883   -105.80810     0.39      0.25     0.46     1 
0360322941   40.07910   -105.76869     0.42      0.19     0.47     1 
0360322942   40.07936   -105.72929     0.58     -0.23     0.63     2 
0360322943   40.07960   -105.68988     0.11      0.33     0.35     1 
0360322944   40.07983   -105.65048    -0.01      0.00     0.01     1 
0360322946   40.08024   -105.57166    -0.14      0.09     0.16     1 
0360322947   40.08043   -105.53226    -0.04     -0.16     0.16     1 
0360322948   40.08060   -105.49285     0.09     -0.04     0.10     1 
0360322949   40.08077   -105.45344     0.14     -0.06     0.16     1 
0360322950   40.08091   -105.41403     0.05     -0.21     0.21     1 
0360322951   40.08105   -105.37462    -0.11     -0.04     0.12     1 
0360322952   40.08117   -105.33522     0.24     -0.09     0.25     1 
0360322972   40.08077   -104.54703    -0.02     -0.16     0.16     1 
0360323007   40.04972   -106.12288    -0.44     -0.12     0.46     1 
0360323008   40.05010   -106.08349     0.26     -0.46     0.53     2 
0360323009   40.05046   -106.04411     0.38     -0.35     0.52     2 
0360323010   40.05081   -106.00472     0.45     -0.43     0.62     2 
0360323013   40.05177   -105.88656    -0.09     -0.14     0.17     1 
0360323014   40.05207   -105.84717     0.05      0.18     0.18     1 
0360323015   40.05235   -105.80778     0.58      0.34     0.67     2 
0360323018   40.05311   -105.68962    -0.33      0.32     0.46     1 
0360323020   40.05356   -105.61083     0.02      0.02     0.03     1 
0360323021   40.05376   -105.57144    -0.05      0.24     0.24     1 
0360323022   40.05394   -105.53205     0.36      0.36     0.51     2 
0360323023   40.05412   -105.49266     0.20     -0.02     0.20     1 
0360323024   40.05428   -105.45327     0.02     -0.25     0.25     1 
0360323025   40.05443   -105.41387    -0.09     -0.11     0.14     1 
0360323026   40.05456   -105.37448     0.11      0.09     0.15     1 
0360323027   40.05468   -105.33509     0.21     -0.04     0.21     1 
0360323028   40.05479   -105.29569     0.37      0.33     0.50     1 
0360323080   40.02245   -106.20118     0.45      0.53     0.70     2 
0360323083   40.02361   -106.08307    -0.05     -0.13     0.14     1 
0360323084   40.02398   -106.04371     0.11     -0.33     0.35     1 
0360323087   40.02498   -105.92559     0.14     -0.21     0.26     1 
0360323088   40.02529   -105.88622     0.14     -0.01     0.14     1 
0360323089   40.02558   -105.84685     0.10      0.38     0.40     1 
0360323092   40.02638   -105.72872    -0.22     -0.41     0.46     1 
0360323096   40.02727   -105.57122    -0.12     -0.14     0.18     1 
0360323097   40.02746   -105.53184     0.09     -0.11     0.15     1 
0360323098   40.02763   -105.49247     0.09     -0.07     0.12     1 
0360323099   40.02779   -105.45309     0.06     -0.17     0.18     1 
0360323100   40.02794   -105.41371     0.30     -0.23     0.38     1 
0360323101   40.02807   -105.37433     0.33     -0.11     0.35     1 
0360323102   40.02819   -105.33496     0.26     -0.05     0.27     1 
0360323105   40.02847   -105.21682    -0.69     -0.16     0.71     2 
0360323106   40.02854   -105.17744    -0.57     -0.16     0.59     2 
0360323158   39.99713   -106.08266     0.01     -0.15     0.15     1 
0360323159   39.99749   -106.04330     0.17     -0.32     0.37     1 
0360323160   39.99784   -106.00395     0.54     -0.29     0.61     2 
0360323161   39.99817   -105.96459     0.60     -0.28     0.67     2 
0360323162   39.99849   -105.92523     0.19     -0.33     0.38     1 
0360323163   39.99880   -105.88588     0.38     -0.19     0.42     1 
0360323164   39.99910   -105.84652     0.43      0.33     0.55     2 
0360323167   39.99990   -105.72844     0.01      0.10     0.10     1 
0360323169   40.00037   -105.64972    -0.29      0.42     0.51     2 
0360323171   40.00078   -105.57100     0.11     -0.05     0.12     1 
0360323172   40.00097   -105.53164     0.21      0.01     0.21     1 
0360323173   40.00114   -105.49228     0.08     -0.13     0.16     1 
0360323174   40.00130   -105.45292    -0.07     -0.28     0.29     1 
0360323175   40.00145   -105.41355    -0.04     -0.35     0.35     1 
0360323176   40.00158   -105.37419     0.11     -0.05     0.12     1 
0360323177   40.00170   -105.33483     0.35     -0.06     0.35     1 
0360323178   40.00181   -105.29546     0.34      0.07     0.35     1 
0360323180   40.00198   -105.21674    -0.58     -0.16     0.60     2 
0360323233   39.97065   -106.08224     0.02     -0.12     0.13     1 
0360323234   39.97101   -106.04290     0.06     -0.12     0.13     1 
0360323236   39.97169   -105.96422     0.48     -0.36     0.60     2 
0360323237   39.97201   -105.92488     0.32     -0.48     0.58     2 
0360323238   39.97232   -105.88553     0.31     -0.04     0.32     1 
0360323239   39.97261   -105.84619     0.32     -0.02     0.32     1 
0360323241   39.97316   -105.76750     0.68     -0.11     0.69     2 
0360323242   39.97341   -105.72816     0.14     -0.07     0.16     1 
0360323243   39.97365   -105.68882     0.01     -0.11     0.11     1 
0360323244   39.97388   -105.64947    -0.07      0.06     0.09     1 
0360323245   39.97409   -105.61013     0.11      0.13     0.17     1 
0360323246   39.97429   -105.57078     0.50     -0.10     0.51     2 
0360323247   39.97448   -105.53143     0.46      0.05     0.46     1 
0360323248   39.97465   -105.49209    -0.15     -0.40     0.43     1 
0360323249   39.97481   -105.45274     0.00     -0.45     0.45     1 
0360323250   39.97496   -105.41339     0.23     -0.29     0.37     1 
0360323251   39.97510   -105.37404     0.45     -0.11     0.46     1 
0360323252   39.97521   -105.33470     0.38      0.11     0.40     1 
0360323253   39.97532   -105.29535     0.33     -0.12     0.35     1 
0360323307   39.94379   -106.12114    -0.00     -0.09     0.09     1 
0360323308   39.94416   -106.08182     0.09     -0.19     0.21     1 
0360323309   39.94452   -106.04250     0.23     -0.24     0.33     1 
0360323312   39.94552   -105.92452     0.01     -0.43     0.43     1 
0360323313   39.94583   -105.88519     0.33      0.03     0.33     1 
0360323314   39.94612   -105.84587     0.44      0.12     0.45     1 
0360323315   39.94640   -105.80654     0.79     -0.17     0.81     2 
0360323316   39.94667   -105.76721     0.68     -0.10     0.69     2 
0360323317   39.94693   -105.72788     0.32     -0.11     0.34     1 
0360323318   39.94716   -105.68855    -0.28      0.02     0.28     1 
0360323319   39.94739   -105.64922    -0.37      0.07     0.38     1 
0360323320   39.94761   -105.60989     0.17      0.18     0.25     1 
0360323321   39.94781   -105.57056     0.30      0.02     0.30     1 
0360323322   39.94799   -105.53123     0.30      0.07     0.30     1 
0360323323   39.94817   -105.49190     0.21     -0.48     0.53     2 
0360323324   39.94833   -105.45257     0.05     -0.55     0.55     2 
0360323325   39.94847   -105.41323     0.10     -0.27     0.29     1 
0360323326   39.94861   -105.37390    -0.65     -0.40     0.77     2 
0360323327   39.94873   -105.33457     0.06      0.23     0.24     1 
0360323328   39.94883   -105.29524     0.23     -0.10     0.25     1 
0360323382   39.91730   -106.12071     0.11     -0.07     0.13     1 
0360323383   39.91768   -106.08140     0.05      0.02     0.05     1 
0360323385   39.91838   -106.00279     0.36     -0.27     0.45     1 
0360323386   39.91872   -105.96347    -0.08     -0.21     0.22     1 
0360323387   39.91904   -105.92416     0.06     -0.02     0.06     1 
0360323388   39.91934   -105.88485     0.44      0.30     0.53     2 
0360323389   39.91964   -105.84554     0.61      0.27     0.67     2 
0360323390   39.91992   -105.80623     0.80     -0.04     0.80     2 
0360323391   39.92018   -105.76691     0.72     -0.05     0.73     2 
0360323393   39.92068   -105.68828    -0.49      0.01     0.49     1 
0360323394   39.92090   -105.64897    -0.43      0.11     0.44     1 
0360323395   39.92112   -105.60966    -0.36     -0.33     0.49     1 
0360323396   39.92132   -105.57034     0.03     -0.06     0.07     1 
0360323397   39.92150   -105.53102     0.10      0.06     0.12     1 
0360323398   39.92168   -105.49171     0.11     -0.21     0.24     1 
0360323399   39.92184   -105.45239     0.08     -0.39     0.40     1 
0360323400   39.92198   -105.41307     0.19     -0.13     0.23     1 
0360323403   39.92234   -105.29512     0.11      0.03     0.11     1 
0360323404   39.92244   -105.25580     0.68      0.01     0.68     2 
0360323455   39.89003   -106.19886     0.15     -0.02     0.15     1 
0360323456   39.89043   -106.15957    -0.09     -0.10     0.13     1 
0360323458   39.89119   -106.08099     0.12      0.11     0.16     1 
0360323459   39.89155   -106.04169     0.42      0.32     0.53     2 
0360323460   39.89190   -106.00240    -0.09      0.47     0.48     1 
0360323461   39.89223   -105.96310    -0.55     -0.19     0.58     2 
0360323462   39.89255   -105.92381    -0.45      0.16     0.47     1 
0360323463   39.89286   -105.88451     0.44      0.45     0.63     2 
0360323466   39.89370   -105.76662    -0.00     -0.03     0.03     1 
0360323467   39.89395   -105.72732    -0.52     -0.42     0.67     2 
0360323468   39.89419   -105.68802    -0.31      0.22     0.38     1 
0360323469   39.89442   -105.64872    -0.15      0.28     0.32     1 
0360323470   39.89463   -105.60942     0.06     -0.23     0.24     1 
0360323471   39.89483   -105.57012    -0.03      0.04     0.04     1 
0360323472   39.89502   -105.53082     0.04     -0.18     0.18     1 
0360323473   39.89519   -105.49152     0.19     -0.25     0.31     1 
0360323474   39.89535   -105.45222     0.31     -0.40     0.51     2 
0360323475   39.89550   -105.41291     0.41     -0.03     0.41     1 
0360323478   39.89586   -105.29501     0.18     -0.12     0.22     1 
0360323529   39.86314   -106.23768     0.32      0.42     0.53     2 
0360323530   39.86355   -106.19840    -0.04      0.36     0.37     1 
0360323531   39.86395   -106.15913     0.04     -0.22     0.22     1 
0360323535   39.86541   -106.00201    -0.13      0.10     0.16     1 
0360323536   39.86575   -105.96273     0.18     -0.34     0.39     1 
0360323537   39.86607   -105.92345     0.16     -0.25     0.30     1 
0360323538   39.86637   -105.88417     0.30      0.33     0.45     1 
0360323539   39.86666   -105.84489     0.61      0.42     0.74     2 
0360323540   39.86694   -105.80561     0.76      0.13     0.77     2 
0360323541   39.86721   -105.76632    -0.20      0.05     0.20     1 
0360323542   39.86746   -105.72704    -0.66     -0.00     0.66     2 
0360323543   39.86770   -105.68775    -0.08      0.15     0.16     1 
0360323544   39.86793   -105.64847    -0.11      0.24     0.27     1 
0360323545   39.86814   -105.60919     0.20      0.08     0.22     1 
0360323546   39.86834   -105.56990     0.21     -0.01     0.21     1 
0360323547   39.86853   -105.53061    -0.06     -0.12     0.14     1 
0360323548   39.86870   -105.49133     0.25     -0.28     0.37     1 
0360323549   39.86886   -105.45204     0.23     -0.28     0.36     1 
0360323550   39.86901   -105.41276     0.78     -0.05     0.78     2 
0360323553   39.86937   -105.29489     0.31     -0.10     0.32     1 
0360323555   39.86954   -105.21632     0.21     -0.43     0.48     1 
0360323558   39.86970   -105.09846     0.03      0.59     0.59     2 
0360323605   39.83707   -106.19794    -0.42      0.19     0.46     1 
0360323606   39.83747   -106.15868    -0.10     -0.06     0.12     1 
0360323607   39.83785   -106.11942     0.01      0.01     0.01     1 
0360323608   39.83822   -106.08016     0.08     -0.24     0.25     1 
0360323609   39.83858   -106.04089     0.36      0.06     0.37     1 
0360323610   39.83893   -106.00163    -0.09     -0.03     0.10     1 
0360323611   39.83926   -105.96236     0.02     -0.11     0.11     1 
0360323612   39.83958   -105.92310    -0.17      0.29     0.33     1 
0360323613   39.83989   -105.88383     0.38      0.54     0.65     2 
0360323614   39.84018   -105.84456     0.65      0.45     0.79     2 
0360323616   39.84072   -105.76603    -0.23      0.25     0.34     1 
0360323617   39.84098   -105.72676    -0.18     -0.13     0.22     1 
0360323620   39.84165   -105.60895     0.26      0.06     0.27     1 
0360323621   39.84185   -105.56968     0.24      0.09     0.26     1 
0360323622   39.84204   -105.53041     0.26     -0.13     0.29     1 
0360323623   39.84221   -105.49114     0.26     -0.36     0.44     1 
0360323624   39.84237   -105.45187     0.61     -0.20     0.64     2 
0360323629   39.84297   -105.25551    -0.02     -0.61     0.61     2 
0360323633   39.84321   -105.09842     0.26      0.46     0.53     2 
0360323678   39.80975   -106.27597     0.66     -0.02     0.66     2 
0360323679   39.81017   -106.23673     0.60      0.26     0.65     2 
0360323681   39.81098   -106.15824    -0.32      0.16     0.36     1 
0360323682   39.81137   -106.11899     0.07      0.09     0.11     1 
0360323683   39.81174   -106.07974     0.23     -0.20     0.30     1 
0360323684   39.81210   -106.04049     0.18     -0.26     0.31     1 
0360323685   39.81244   -106.00124    -0.16      0.15     0.22     1 
0360323686   39.81278   -105.96199    -0.61      0.32     0.69     2 
0360323687   39.81309   -105.92274    -0.21      0.54     0.58     2 
0360323688   39.81340   -105.88349    -0.06      0.80     0.81     2 
0360323689   39.81369   -105.84424     0.39      0.36     0.53     2 
0360323691   39.81424   -105.76573    -0.72      0.08     0.73     2 
0360323692   39.81449   -105.72648     0.22     -0.44     0.49     1 
0360323693   39.81473   -105.68723     0.25     -0.00     0.25     1 
0360323694   39.81495   -105.64797     0.56     -0.01     0.56     2 
0360323695   39.81517   -105.60872     0.42      0.23     0.48     1 
0360323696   39.81536   -105.56946     0.44      0.24     0.50     2 
0360323697   39.81555   -105.53021     0.32     -0.13     0.34     1 
0360323698   39.81572   -105.49095     0.36     -0.34     0.49     1 
0360323699   39.81588   -105.45170     0.47      0.05     0.47     1 
0360323700   39.81603   -105.41244     0.51      0.32     0.60     2 
0360323702   39.81628   -105.33392     0.30     -0.13     0.33     1 
0360323703   39.81639   -105.29467     0.22     -0.16     0.27     1 
0360323704   39.81648   -105.25541    -0.05     -0.32     0.32     1 
0360323714   39.81668   -104.86283    -0.08     -0.28     0.29     1 
0360323753   39.78326   -106.27548     0.29      0.53     0.60     2 
0360323754   39.78369   -106.23625     0.60     -0.07     0.60     2 
0360323755   39.78410   -106.19702     0.67     -0.30     0.74     2 
0360323758   39.78525   -106.07933     0.02      0.28     0.28     1 
0360323759   39.78561   -106.04009     0.01      0.04     0.05     1 
0360323760   39.78596   -106.00086     0.07      0.07     0.10     1 
0360323761   39.78629   -105.96162    -0.53      0.16     0.56     2 
0360323762   39.78661   -105.92239    -0.53      0.57     0.78     2 
0360323763   39.78691   -105.88315     0.26      0.55     0.61     2 
0360323764   39.78721   -105.84392     0.67      0.13     0.68     2 
0360323765   39.78748   -105.80468     0.13      0.04     0.14     1 
0360323766   39.78775   -105.76544    -0.53      0.15     0.55     2 
0360323767   39.78800   -105.72620    -0.19      0.31     0.36     1 
0360323768   39.78824   -105.68696     0.08      0.16     0.18     1 
0360323769   39.78847   -105.64772     0.29     -0.22     0.37     1 
0360323770   39.78868   -105.60849     0.81      0.04     0.81     2 
0360323771   39.78888   -105.56924     0.32     -0.06     0.32     1 
0360323772   39.78906   -105.53000     0.09     -0.12     0.15     1 
0360323773   39.78923   -105.49076     0.22     -0.16     0.27     1 
0360323774   39.78939   -105.45152     0.32      0.13     0.34     1 
0360323775   39.78954   -105.41228     0.18      0.39     0.43     1 
0360323776   39.78967   -105.37304     0.64     -0.26     0.69     2 
0360323777   39.78979   -105.33380     0.12      0.04     0.13     1 
0360323778   39.78990   -105.29456     0.09     -0.11     0.14     1 
0360323779   39.78999   -105.25531     0.42     -0.09     0.43     1 
0360323829   39.75720   -106.23578    -0.44      0.17     0.47     1 
0360323830   39.75762   -106.19657    -0.46     -0.24     0.52     2 
0360323831   39.75801   -106.15735     0.23     -0.04     0.23     1 
0360323833   39.75877   -106.07891     0.09      0.10     0.13     1 
0360323834   39.75913   -106.03969    -0.18      0.09     0.20     1 
0360323836   39.75980   -105.96126    -0.14      0.29     0.32     1 
0360323837   39.76012   -105.92203    -0.16      0.40     0.43     1 
0360323839   39.76072   -105.84359    -0.03      0.12     0.12     1 
0360323840   39.76100   -105.80437    -0.09      0.03     0.10     1 
0360323841   39.76126   -105.76515    -0.67      0.19     0.70     2 
0360323842   39.76151   -105.72592    -0.05     -0.04     0.06     1 
0360323843   39.76175   -105.68670     0.61     -0.21     0.64     2 
0360323844   39.76198   -105.64748     0.52     -0.04     0.52     2 
0360323845   39.76219   -105.60825     0.38     -0.05     0.38     1 
0360323846   39.76239   -105.56903     0.11     -0.14     0.18     1 
0360323847   39.76257   -105.52980     0.09     -0.27     0.28     1 
0360323848   39.76275   -105.49058     0.24     -0.12     0.27     1 
0360323849   39.76291   -105.45135     0.41      0.20     0.46     1 
0360323852   39.76330   -105.33367     0.24     -0.10     0.26     1 
0360323853   39.76341   -105.29444     0.04     -0.05     0.06     1 
0360323854   39.76350   -105.25521     0.47     -0.08     0.47     1 
0360323904   39.73072   -106.23531     0.12     -0.18     0.21     1 
0360323905   39.73113   -106.19611    -0.55     -0.33     0.64     2 
0360323906   39.73153   -106.15690    -0.17     -0.31     0.35     1 
0360323908   39.73228   -106.07850    -0.00      0.25     0.25     1 
0360323909   39.73264   -106.03930    -0.14      0.11     0.18     1 
0360323911   39.73332   -105.96089    -0.41      0.45     0.61     2 
0360323912   39.73363   -105.92168     0.65      0.17     0.67     2 
0360323914   39.73423   -105.84327     0.06      0.05     0.08     1 
0360323915   39.73451   -105.80406    -0.20      0.25     0.32     1 
0360323917   39.73503   -105.72565    -0.05     -0.04     0.06     1 
0360323918   39.73526   -105.68644     0.48     -0.22     0.53     2 
0360323919   39.73549   -105.64723     0.40     -0.22     0.46     1 
0360323921   39.73590   -105.56881     0.23     -0.04     0.24     1 
0360323922   39.73609   -105.52960     0.40     -0.21     0.45     1 
0360323923   39.73626   -105.49039     0.29      0.07     0.30     1 
0360323924   39.73642   -105.45118     0.11      0.49     0.50     2 
0360323927   39.73681   -105.33354     0.01     -0.13     0.13     1 
0360323928   39.73692   -105.29433    -0.08      0.06     0.10     1 
0360323929   39.73701   -105.25512     0.36     -0.06     0.37     1 
0360323934   39.73728   -105.05905    -0.17     -0.17     0.24     1 
0360323980   39.70465   -106.19565    -0.66     -0.26     0.71     2 
0360323981   39.70504   -106.15646    -0.17     -0.25     0.30     1 
0360323983   39.70580   -106.07809    -0.06      0.31     0.32     1 
0360323984   39.70616   -106.03890    -0.62      0.24     0.66     2 
0360323985   39.70650   -105.99971    -0.42     -0.16     0.45     1 
0360323986   39.70683   -105.96052    -0.09      0.44     0.45     1 
0360323988   39.70745   -105.88214     0.43      0.31     0.53     2 
0360323989   39.70774   -105.84295     0.04      0.08     0.09     1 
0360323990   39.70802   -105.80375    -0.18      0.19     0.26     1 
0360323991   39.70829   -105.76456    -0.46      0.08     0.46     1 
0360323992   39.70854   -105.72537    -0.05      0.06     0.07     1 
0360323993   39.70878   -105.68618     0.38     -0.16     0.42     1 
0360323994   39.70900   -105.64698     0.11     -0.13     0.17     1 
0360324000   39.71007   -105.41181     0.68      0.13     0.70     2 
0360324001   39.71021   -105.37261     0.55     -0.20     0.58     2 
0360324002   39.71032   -105.33341     0.16     -0.18     0.24     1 
0360324003   39.71043   -105.29422     0.10     -0.02     0.10     1 
0360324004   39.71052   -105.25502     0.13      0.01     0.13     1 
0360324005   39.71060   -105.21582     0.15     -0.02     0.15     1 
0360324054   39.67775   -106.23436     0.78     -0.17     0.80     2 
0360324055   39.67816   -106.19519    -0.36      0.15     0.39     1 
0360324056   39.67856   -106.15602    -0.12     -0.04     0.13     1 
0360324057   39.67894   -106.11685     0.43     -0.29     0.52     2 
0360324058   39.67931   -106.07768    -0.04      0.07     0.08     1 
0360324059   39.67967   -106.03850    -0.35     -0.04     0.35     1 
0360324060   39.68001   -105.99933    -0.50     -0.02     0.50     2 
0360324061   39.68034   -105.96015    -0.04      0.38     0.39     1 
0360324062   39.68066   -105.92098     0.57      0.40     0.70     2 
0360324063   39.68097   -105.88180     0.42      0.21     0.47     1 
0360324064   39.68126   -105.84262    -0.13      0.10     0.17     1 
0360324066   39.68180   -105.76427    -0.42      0.24     0.48     1 
0360324067   39.68205   -105.72509     0.03     -0.27     0.27     1 
0360324068   39.68229   -105.68591     0.09     -0.05     0.11     1 
0360324069   39.68251   -105.64673     0.20      0.18     0.27     1 
0360324075   39.68358   -105.41165     0.44      0.05     0.44     1 
0360324076   39.68372   -105.37247     0.61     -0.50     0.79     2 
0360324077   39.68384   -105.33329     0.16     -0.17     0.23     1 
0360324078   39.68394   -105.29410     0.07     -0.04     0.08     1 
0360324079   39.68403   -105.25492     0.20     -0.17     0.26     1 
0360324080   39.68411   -105.21574     0.25      0.02     0.25     1 
0360324127   39.65041   -106.31220     0.35      0.23     0.42     1 
0360324128   39.65085   -106.27305    -0.22      0.13     0.25     1 
0360324129   39.65127   -106.23389     0.29     -0.08     0.30     1 
0360324130   39.65168   -106.19474     0.69     -0.06     0.69     2 
0360324131   39.65207   -106.15558     0.10      0.27     0.29     1 
0360324132   39.65246   -106.11642     0.45     -0.31     0.55     2 
0360324133   39.65283   -106.07726     0.07     -0.17     0.18     1 
0360324134   39.65318   -106.03811     0.02     -0.08     0.08     1 
0360324135   39.65353   -105.99895     0.03      0.19     0.19     1 
0360324136   39.65386   -105.95979    -0.49      0.53     0.73     2 
0360324137   39.65417   -105.92063     0.11      0.28     0.30     1 
0360324138   39.65448   -105.88147     0.11     -0.05     0.12     1 
0360324139   39.65477   -105.84230    -0.13     -0.03     0.14     1 
0360324140   39.65505   -105.80314    -0.27     -0.13     0.30     1 
0360324141   39.65531   -105.76398    -0.25     -0.10     0.27     1 
0360324142   39.65556   -105.72481     0.11     -0.46     0.47     1 
0360324144   39.65602   -105.64649     0.47      0.13     0.49     1 
0360324148   39.65679   -105.48982     0.67      0.15     0.69     2 
0360324150   39.65709   -105.41149     0.30     -0.06     0.30     1 
0360324151   39.65723   -105.37233     0.55     -0.41     0.69     2 
0360324152   39.65734   -105.33316     0.27     -0.05     0.27     1 
0360324153   39.65745   -105.29399     0.30     -0.07     0.31     1 
0360324156   39.65769   -105.17649    -0.02      0.51     0.51     2 
0360324164   39.65774   -104.86315     0.02     -0.04     0.04     1 
0360324202   39.62393   -106.31170     0.21      0.07     0.22     1 
0360324203   39.62436   -106.27256    -0.32      0.15     0.35     1 
0360324205   39.62519   -106.19428    -0.39      0.34     0.52     2 
0360324206   39.62559   -106.15514     0.23      0.30     0.37     1 
0360324207   39.62597   -106.11600     0.31      0.10     0.33     1 
0360324208   39.62634   -106.07685     0.03     -0.32     0.32     1 
0360324209   39.62670   -106.03771    -0.37     -0.09     0.38     1 
0360324210   39.62704   -105.99857     0.15      0.15     0.21     1 
0360324212   39.62769   -105.92028     0.52      0.39     0.65     2 
0360324213   39.62799   -105.88113     0.07      0.01     0.07     1 
0360324214   39.62828   -105.84198    -0.19     -0.02     0.19     1 
0360324217   39.62907   -105.72454     0.00      0.29     0.29     1 
0360324218   39.62931   -105.68539    -0.28      0.28     0.39     1 
0360324219   39.62953   -105.64624    -0.38      0.01     0.38     1 
0360324220   39.62975   -105.60709    -0.51     -0.03     0.51     2 
0360324221   39.62994   -105.56794    -0.39     -0.14     0.41     1 
0360324222   39.63013   -105.52879     0.29     -0.38     0.48     1 
0360324223   39.63030   -105.48964     0.77      0.03     0.77     2 
0360324225   39.63060   -105.41134     0.49     -0.02     0.49     1 
0360324226   39.63074   -105.37218     0.25     -0.16     0.30     1 
0360324227   39.63085   -105.33303     0.03     -0.02     0.03     1 
0360324228   39.63096   -105.29388     0.37     -0.23     0.43     1 
0360324231   39.63120   -105.17642    -0.12      0.18     0.22     1 
0360324234   39.63132   -105.05896     0.02      0.15     0.15     1 
0360324278   39.59788   -106.27208    -0.31      0.14     0.34     1 
0360324279   39.59830   -106.23295    -0.66      0.34     0.74     2 
0360324280   39.59871   -106.19383     0.42      0.51     0.66     2 
0360324281   39.59910   -106.15470     0.07      0.33     0.34     1 
0360324282   39.59949   -106.11557     0.14     -0.21     0.25     1 
0360324283   39.59985   -106.07644    -0.35      0.15     0.39     1 
0360324284   39.60021   -106.03732    -0.47     -0.04     0.47     1 
0360324285   39.60055   -105.99819    -0.02      0.49     0.49     1 
0360324286   39.60088   -105.95906     0.49      0.39     0.63     2 
0360324287   39.60120   -105.91992     0.64      0.29     0.70     2 
0360324288   39.60150   -105.88079    -0.05      0.14     0.15     1 
0360324290   39.60207   -105.80253    -0.60     -0.27     0.66     2 
0360324293   39.60282   -105.68513    -0.42      0.41     0.59     2 
0360324294   39.60305   -105.64599     0.09     -0.14     0.17     1 
0360324295   39.60326   -105.60686    -0.49      0.03     0.49     1 
0360324296   39.60345   -105.56772    -0.13     -0.29     0.32     1 
0360324297   39.60364   -105.52859     0.16     -0.19     0.25     1 
0360324298   39.60381   -105.48945     0.44      0.16     0.47     1 
0360324299   39.60397   -105.45032     0.67      0.01     0.67     2 
0360324300   39.60411   -105.41118     0.61     -0.34     0.70     2 
0360324301   39.60425   -105.37204     0.29     -0.13     0.32     1 
0360324302   39.60437   -105.33290     0.12     -0.10     0.16     1 
0360324303   39.60447   -105.29377     0.56     -0.15     0.58     2 
0360324307   39.60476   -105.13722     0.08     -0.10     0.13     1 
0360324309   39.60483   -105.05894     0.04      0.10     0.11     1 
0360324352   39.57096   -106.31070    -0.32      0.39     0.51     2 
0360324353   39.57139   -106.27159    -0.63      0.08     0.63     2 
0360324356   39.57262   -106.15426    -0.01      0.28     0.28     1 
0360324357   39.57300   -106.11515     0.39      0.15     0.42     1 
0360324358   39.57337   -106.07603    -0.22      0.23     0.32     1 
0360324359   39.57373   -106.03692     0.05      0.19     0.20     1 
0360324360   39.57407   -105.99780    -0.02      0.67     0.67     2 
0360324362   39.57471   -105.91957     0.00      0.37     0.37     1 
0360324363   39.57502   -105.88046    -0.30      0.19     0.35     1 
0360324364   39.57531   -105.84134    -0.72      0.00     0.72     2 
0360324365   39.57558   -105.80222    -0.62     -0.01     0.62     2 
0360324369   39.57656   -105.64575     0.16      0.09     0.18     1 
0360324370   39.57677   -105.60663    -0.61      0.15     0.63     2 
0360324371   39.57697   -105.56751    -0.40      0.08     0.41     1 
0360324372   39.57715   -105.52839    -0.16      0.27     0.31     1 
0360324373   39.57732   -105.48927     0.34      0.23     0.40     1 
0360324374   39.57748   -105.45014     0.09     -0.21     0.23     1 
0360324375   39.57762   -105.41102     0.15     -0.21     0.26     1 
0360324376   39.57776   -105.37190     0.08     -0.16     0.18     1 
0360324377   39.57787   -105.33278     0.15     -0.08     0.17     1 
0360324431   39.54613   -106.15382    -0.05      0.28     0.28     1 
0360324432   39.54651   -106.11472     0.47      0.15     0.49     1 
0360324434   39.54724   -106.03652     0.37      0.28     0.46     1 
0360324437   39.54823   -105.91922    -0.34      0.59     0.68     2 
0360324440   39.54909   -105.80192    -0.47      0.15     0.49     1 
0360324441   39.54936   -105.76282    -0.10     -0.03     0.11     1 
0360324442   39.54961   -105.72371    -0.04      0.07     0.08     1 
0360324443   39.54984   -105.68461    -0.03      0.46     0.46     1 
0360324444   39.55007   -105.64550    -0.05      0.09     0.10     1 
0360324445   39.55028   -105.60640    -0.40      0.25     0.47     1 
0360324446   39.55048   -105.56729    -0.26     -0.22     0.34     1 
0360324447   39.55066   -105.52818    -0.22      0.20     0.30     1 
0360324448   39.55083   -105.48908     0.10      0.10     0.14     1 
0360324450   39.55113   -105.41087     0.08     -0.18     0.20     1 
0360324451   39.55127   -105.37176    -0.05     -0.06     0.08     1 
0360324452   39.55138   -105.33265     0.18     -0.18     0.25     1 
0360324453   39.55149   -105.29354     0.11     -0.22     0.25     1 
0360324455   39.55166   -105.21533     0.09     -0.05     0.11     1 
0360324456   39.55173   -105.17622     0.42     -0.51     0.66     2 
0360324515   39.52260   -105.80161    -0.11      0.21     0.24     1 
0360324516   39.52287   -105.76252     0.14      0.05     0.15     1 
0360324517   39.52312   -105.72344     0.41      0.21     0.46     1 
0360324519   39.52358   -105.64526    -0.06      0.28     0.29     1 
0360324520   39.52379   -105.60617     0.14      0.01     0.14     1 
0360324523   39.52434   -105.48889     0.30      0.15     0.34     1 
0360324524   39.52450   -105.44980     0.36     -0.15     0.39     1 
0360324525   39.52464   -105.41071     0.16     -0.29     0.33     1 
0360324527   39.52489   -105.33253     0.27     -0.12     0.29     1 
0360324528   39.52500   -105.29343     0.43     -0.16     0.45     1 
0360324529   39.52509   -105.25434     0.22     -0.13     0.25     1 
0360324530   39.52517   -105.21525    -0.02     -0.00     0.02     1 
0360324531   39.52524   -105.17615    -0.08     -0.07     0.11     1 
0360324590   39.49612   -105.80131     0.18      0.08     0.20     1 
0360324591   39.49638   -105.76224     0.11      0.24     0.26     1 
0360324592   39.49663   -105.72316     0.37      0.25     0.45     1 
0360324593   39.49687   -105.68409     0.38      0.59     0.70     2 
0360324594   39.49709   -105.64501    -0.76     -0.06     0.76     2 
0360324595   39.49730   -105.60594    -0.48     -0.13     0.50     1 
0360324596   39.49750   -105.56686     0.39      0.21     0.44     1 
0360324597   39.49768   -105.52778     0.73     -0.10     0.73     2 
0360324599   39.49801   -105.44963     0.30     -0.10     0.32     1 
0360324600   39.49815   -105.41055     0.28     -0.12     0.31     1 
0360324601   39.49829   -105.37148     0.04      0.05     0.06     1 
0360324602   39.49840   -105.33240     0.10     -0.04     0.11     1 
0360324603   39.49851   -105.29332     0.28     -0.02     0.28     1 
0360324604   39.49860   -105.25424     0.30     -0.11     0.32     1 
0360324605   39.49868   -105.21516     0.04      0.03     0.05     1 
0360324606   39.49874   -105.17609     0.00     -0.07     0.07     1 
0360324630   39.49638   -104.23823     0.10     -0.08     0.13     1 
0360324631   39.49612   -104.19916    -0.13      0.02     0.13     1 
0360324669   39.47060   -105.64477     0.19      0.16     0.25     1 
0360324672   39.47119   -105.52758     0.67      0.20     0.70     2 
0360324674   39.47152   -105.44946     0.15     -0.01     0.15     1 
0360324675   39.47166   -105.41040     0.07      0.04     0.08     1 
0360324676   39.47179   -105.37134     0.21     -0.13     0.25     1 
0360324677   39.47191   -105.33227     0.26     -0.13     0.29     1 
0360324678   39.47202   -105.29321    -0.04      0.02     0.05     1 
0360324679   39.47211   -105.25415     0.11      0.08     0.14     1 
0360324680   39.47219   -105.21508     0.11      0.19     0.22     1 
0360324681   39.47225   -105.17602     0.10      0.01     0.10     1 
0360324682   39.47231   -105.13696     0.14     -0.09     0.17     1 
0360324705   39.46989   -104.23852     0.12     -0.15     0.19     1 
0360324706   39.46963   -104.19946    -0.00      0.03     0.03     1 
0360324745   39.44432   -105.60548     0.34      0.30     0.45     1 
0360324747   39.44470   -105.52738     0.63      0.52     0.81     2 
0360324749   39.44503   -105.44929     0.33     -0.03     0.33     1 
0360324750   39.44517   -105.41024    -0.03     -0.04     0.05     1 
0360324751   39.44530   -105.37120     0.18     -0.02     0.18     1 
0360324752   39.44542   -105.33215     0.25     -0.06     0.25     1 
0360324753   39.44553   -105.29310    -0.22     -0.02     0.22     1 
0360324754   39.44562   -105.25405    -0.09      0.19     0.21     1 
0360324755   39.44570   -105.21500     0.05      0.12     0.13     1 
0360324756   39.44576   -105.17595     0.16      0.03     0.16     1 
0360324757   39.44582   -105.13690     0.15      0.01     0.15     1 
0360324758   39.44586   -105.09785    -0.06      0.14     0.15     1 
0360324776   39.44432   -104.39499     0.01     -0.37     0.37     1 
0360324780   39.44340   -104.23881     0.12     -0.12     0.17     1 
0360324781   39.44314   -104.19976     0.26     -0.00     0.26     1 
0360324820   39.41783   -105.60525     0.40      0.44     0.60     2 
0360324821   39.41803   -105.56622     0.50      0.46     0.68     2 
0360324822   39.41821   -105.52718     0.49      0.55     0.74     2 
0360324823   39.41838   -105.48815     0.48      0.05     0.48     1 
0360324824   39.41854   -105.44912     0.32      0.01     0.32     1 
0360324825   39.41868   -105.41009     0.07      0.25     0.26     1 
0360324826   39.41881   -105.37105     0.02      0.10     0.10     1 
0360324829   39.41913   -105.25395    -0.27      0.59     0.65     2 
0360324830   39.41921   -105.21492    -0.01      0.29     0.29     1 
0360324831   39.41927   -105.17589     0.14      0.06     0.16     1 
0360324832   39.41932   -105.13685     0.18      0.22     0.28     1 
0360324833   39.41936   -105.09782     0.28      0.11     0.31     1 
0360324844   39.41893   -104.66844    -0.05     -0.41     0.41     1 
0360324847   39.41854   -104.55134     0.11     -0.25     0.27     1 
0360324855   39.41692   -104.23910     0.05     -0.08     0.09     1 
0360324899   39.39205   -105.44895     0.39      0.11     0.41     1 
0360324900   39.39219   -105.40993     0.14      0.29     0.33     1 
0360324901   39.39232   -105.37091    -0.02      0.33     0.33     1 
0360324906   39.39278   -105.17582     0.16      0.03     0.16     1 
0360324907   39.39283   -105.13680     0.12      0.33     0.35     1 
0360324908   39.39287   -105.09778     0.07      0.21     0.22     1 
0360324909   39.39290   -105.05876     0.31     -0.15     0.35     1 
0360324917   39.39264   -104.74661     0.04     -0.14     0.14     1 
0360324919   39.39244   -104.66857    -0.03     -0.21     0.22     1 
0360324921   39.39219   -104.59053     0.05     -0.33     0.33     1 
0360324922   39.39205   -104.55151     0.00     -0.37     0.37     1 
0360324930   39.39043   -104.23938    -0.02     -0.14     0.14     1 
0360324981   39.36629   -105.17575     0.20      0.22     0.30     1 
0360324983   39.36638   -105.09774     0.34      0.37     0.51     2 
0360324984   39.36641   -105.05874     0.32      0.15     0.35     1 
0360324993   39.36605   -104.70770     0.44     -0.26     0.52     2 
0360324994   39.36595   -104.66869     0.28     -0.03     0.28     1 
0360324996   39.36570   -104.59069    -0.14     -0.33     0.36     1 
0360325000   39.36505   -104.43468    -0.35      0.08     0.36     1 
0360325003   39.36442   -104.31767     0.22     -0.10     0.24     1 
0360325005   39.36394   -104.23967    -0.14     -0.06     0.15     1 
0360325059   39.33991   -105.05872     0.13      0.23     0.26     1 
0360325069   39.33946   -104.66882     0.12     -0.06     0.14     1 
0360325071   39.33921   -104.59084     0.14     -0.29     0.32     1 
0360325072   39.33907   -104.55185     0.08     -0.01     0.08     1 
0360325075   39.33856   -104.43489    -0.28     -0.08     0.29     1 
0360325078   39.33793   -104.31793     0.15     -0.17     0.22     1 
0360325147   39.31258   -104.55202     0.14     -0.21     0.25     1 
0360325150   39.31207   -104.43510    -0.24     -0.20     0.31     1 
0360325222   39.28608   -104.55219    -0.16      0.10     0.19     1 
0360325225   39.28558   -104.43532     0.11     -0.14     0.18     1 
0360325299   39.25927   -104.47447    -0.09     -0.02     0.09     1 
0360325300   39.25908   -104.43553     0.11     -0.03     0.11     1 
0360325304   39.25823   -104.27976    -0.05      0.05     0.08     1 
0360325375   39.23259   -104.43574     0.17      0.19     0.26     1 
0360325376   39.23240   -104.39681     0.09      0.01     0.09     1 
0360325378   39.23197   -104.31896     0.02      0.16     0.16     1 
0360325379   39.23174   -104.28003     0.06      0.10     0.12     1 
----------------------------------------------------------------------
---------------------------------------------------
Total correlated GCPs in Upper Left Quadrant: 372

GCP statistics this quadrant only (in Pixels)
Line residual statistics:
  Mean: 0.204
  Median: 0.218
  Standard Deviation: 0.322

Sample residual statistics:
  Mean: -0.003
  Median: -0.023
  Standard Deviation: 0.253

Quadrant RMSE: 0.457

---------------------------------------------------
Total correlated GCPs in Upper Right Quadrant: 65

GCP statistics this quadrant only (in Pixels)
Line residual statistics:
  Mean: -0.114
  Median: -0.139
  Standard Deviation: 0.275

Sample residual statistics:
  Mean: -0.037
  Median: -0.014
  Standard Deviation: 0.201

Quadrant RMSE: 0.361

---------------------------------------------------
Total correlated GCPs in Lower Left Quadrant: 564

GCP statistics this quadrant only (in Pixels)
Line residual statistics:
  Mean: 0.094
  Median: 0.106
  Standard Deviation: 0.324

Sample residual statistics:
  Mean: -0.012
  Median: -0.037
  Standard Deviation: 0.236

Quadrant RMSE: 0.412

---------------------------------------------------
Total correlated GCPs in Lower Right Quadrant: 78

GCP statistics this quadrant only (in Pixels)
Line residual statistics:
  Mean: 0.064
  Median: 0.075
  Standard Deviation: 0.153

Sample residual statistics:
  Mean: -0.003
  Median: -0.015
  Standard Deviation: 0.216

Quadrant RMSE: 0.272

---------------------------------------------------
---------------------------------------------------
Total correlated GCPs in scene: 1079

GCP statistics entire scene (in Pixels)
Line residual statistics:
  Mean: 0.117
  Median: 0.113
  Standard Deviation: 0.321

Sample residual statistics:
  Mean: -0.010
  Median: -0.029
  Standard Deviation: 0.239

Scene RMSE: 0.417

