Thu. Mar.  8, 2018             LANDSAT 3                 Time: 17:18
                         Image Assessment System
                           GCP Residual Report
----------------------------------------------------------------------------
WOID: L866585            Path/Row: 036 / 032

L0R Reference Image: L31XXX1178183000101_HDF.180672315
Acquisition Date: Jul 02, 1978

Band Number:  7

GLS date for each WRS-2 path/row used:
Path  Row   Date
033   032   09-20-2002
033   033   09-14-2000
034   031   10-05-1999
034   032   09-24-2001
034   033   09-24-2001


Point_ID         Latitude  Longitude    Height       Across    Along    Residual  Residual
                                                      Scan      Scan      In y      in x
                                                    Residual  Residual    dir       dir
                   (deg)     (deg)     (meters)     (meters)  (meters)  (meters)  (meters)

0330320010_02   40.902818 -104.674681  1689.561       0.000     0.000     3.003     2.269
0330320015_02   39.949176 -105.364773  2217.265       0.000     0.000    76.547    -9.206
0330320023_02   40.732858 -104.187358  1501.356       0.000     0.000   -30.565     5.650
0330320027_02   40.757019 -104.164673  1499.815       0.000     0.000     4.620    11.939
0330320028_02   40.884042 -104.631686  1642.887       0.000     0.000    12.282     2.811
0330320030_02   40.215235 -105.416964  2111.725       0.000     0.000    -2.083   -17.059
0330320031_02   40.724456 -104.146608  1484.024       0.000     0.000    42.286    23.816
0330320032_02   40.764020 -104.124776  1518.129       0.000     0.000    21.760    23.693
0330320035_02   40.789218 -104.248897  1500.696       0.000     0.000   -17.433   -23.851
0330320038_02   40.843921 -104.524079  1594.883       0.000     0.000   -11.994    -2.587
0330320042_02   40.680079 -104.214979  1482.228       0.000     0.000    -5.281    -3.860
0330320046_02   40.191429 -105.231436  1581.008       0.000     0.000    -6.113    -0.994
0330320052_02   39.838356 -105.084735  1650.901       0.000     0.000    19.432     0.936
0330320053_02   39.874498 -105.461902  2746.875       0.000     0.000   -13.846    15.450
0330320054_02   39.589297 -104.187604  1641.683       0.000     0.000   -28.485   -17.093
0330320055_02   40.782194 -104.170402  1509.633       0.000     0.000    10.982     8.563
0330320057_02   39.949927 -104.853082  1507.087       0.000     0.000   -18.491     3.283
0330320062_02   40.706177 -105.138386  1584.387       0.000     0.000   -15.925    -2.081
0330320063_02   40.689329 -104.111552  1473.000       0.000     0.000     3.266    19.692
0330320064_02   40.891083 -105.087132  1753.776       0.000     0.000    -5.794    18.115
0330320083_02   40.744174 -104.109402  1503.991       0.000     0.000    23.951    22.397
0330320091_02   40.683682 -104.080741  1475.000       0.000     0.000     6.122     6.820
0330320092_02   40.838042 -105.155029  1759.000       0.000     0.000    -7.036    13.870
0330320100_02   40.367788 -105.148645  1550.036       0.000     0.000   -54.923    16.390
0330320109_02   40.606788 -105.058747  1501.146       0.000     0.000   -67.837  -121.329
0330320111_02   40.825894 -104.197252  1515.978       0.000     0.000     2.988    -4.721
0330320117_02   40.317952 -105.215271  1743.692       0.000     0.000   -67.185    25.019
0330320118_02   39.820906 -105.409313  2591.494       0.000     0.000   -39.003    -5.761
0330320122_02   40.585598 -105.169688  1643.000       0.000     0.000    17.709    33.693
0330320123_02   40.680827 -104.246210  1488.006       0.000     0.000   -58.798    13.871
0330320126_02   40.350643 -105.222087  1743.505       0.000     0.000    73.698    -6.230
0330320129_02   40.182197 -104.973101  1466.643       0.000     0.000     7.782   -15.536
0330320144_02   39.785945 -105.501601  2589.221       0.000     0.000   -10.164    12.248
0330320150_02   40.290377 -105.219066  1696.156       0.000     0.000   -24.739   -22.789
0330320159_02   40.733654 -104.461981  1548.667       0.000     0.000    -0.283    14.890
0330320171_02   39.997354 -104.574992  1530.000       0.000     0.000   -25.673  -116.542
0330320176_02   40.447068 -105.037736  1498.000       0.000     0.000    46.633   -28.510
0330320179_02   40.816090 -105.195174  1757.009       0.000     0.000   -12.375     0.644
0330320197_02   40.150243 -105.278142  1701.720       0.000     0.000    -6.835     4.837
0330320200_02   39.945777 -105.209535  1726.520       0.000     0.000    12.185     9.936
0330320203_02   40.331353 -105.099475  1558.370       0.000     0.000    14.193    -6.683
0330320230_02   40.311811 -105.170060  1582.554       0.000     0.000    30.009    11.136
0330320232_02   40.143074 -105.217888  1573.243       0.000     0.000     4.470    23.598
0330320236_02   40.066605 -105.205331  1560.471       0.000     0.000    22.268     9.508
0330320239_02   40.272363 -105.297343  1751.479       0.000     0.000   -19.562     2.071
0330320241_02   40.728906 -105.113565  1599.295       0.000     0.000   -11.698     5.548
0330320244_02   40.534356 -105.060810  1508.000       0.000     0.000    12.637    11.081
0330320246_02   39.832430 -104.952202  1543.970       0.000     0.000    -2.687    -0.922
0330320255_02   40.339701 -105.130570  1550.000       0.000     0.000    10.596     6.275
0330320256_02   40.487323 -103.908209  1415.810       0.000     0.000   -32.145   -27.036
0330320260_02   40.528056 -105.151478  1644.550       0.000     0.000    47.893    50.642
0330320264_02   40.686785 -105.062013  1577.578       0.000     0.000   -23.307     5.700
0330320272_02   39.684013 -105.083497  1676.011       0.000     0.000     0.932    -1.922
0330320287_02   39.786163 -105.113751  1625.000       0.000     0.000    26.030     3.778
0330320288_02   40.653272 -105.061982  1554.000       0.000     0.000     8.746    -7.680
0330320290_02   40.195066 -105.158489  1534.157       0.000     0.000    57.600    21.702
0330320302_02   40.228626 -105.121541  1540.302       0.000     0.000    35.230     1.772
0330320309_02   40.656990 -105.137929  1573.748       0.000     0.000   -15.754   -22.485
0330320312_02   40.669419 -104.713442  1522.697       0.000     0.000    -4.470   -28.321
0330320317_02   40.110306 -105.249113  1620.201       0.000     0.000     3.263     3.115
0330320330_02   40.889653 -105.160491  1792.640       0.000     0.000    -1.352    36.300
0330320340_02   40.654870 -105.097115  1535.000       0.000     0.000   -27.159   -15.131
0330320342_02   39.908285 -105.388423  2706.844       0.000     0.000   -20.793    -9.203
0330320344_02   40.611052 -105.131806  1535.204       0.000     0.000     9.074   -23.963
0330320353_02   40.364777 -105.175846  1597.276       0.000     0.000   -18.712   -12.132
0330320359_02   39.873459 -105.125121  1667.981       0.000     0.000    47.569    70.425
0330320369_02   40.261028 -105.148764  1543.671       0.000     0.000   -11.586     9.065
0330320377_02   40.191495 -105.195839  1547.794       0.000     0.000    14.821   -11.007
0330320387_02   39.911088 -105.254708  1838.386       0.000     0.000    -4.114     0.429
0330320402_02   40.705749 -105.236048  1658.626       0.000     0.000     0.244    -0.554
0330320403_02   39.685559 -105.387522  2449.354       0.000     0.000   -44.309    11.698
0330320411_02   40.926658 -105.174120  1934.524       0.000     0.000    16.256     3.700
0330320418_02   40.597514 -105.292751  2211.880       0.000     0.000   -30.606   -17.198
0330320422_02   39.724647 -105.334533  2087.152       0.000     0.000     5.241     6.720
0330320423_02   39.645800 -105.173312  1728.000       0.000     0.000     3.667   -30.850
0330320425_02   39.698222 -105.311310  2241.830       0.000     0.000    -5.452     7.112
0330320426_02   39.704140 -105.202153  1956.391       0.000     0.000    -4.147    -1.026
0330320427_02   39.730558 -105.239689  2214.593       0.000     0.000   -20.415     4.045
0330320428_02   39.655213 -105.322308  2154.432       0.000     0.000   -12.903    -0.938
0330320429_02   40.975600 -105.154637  2065.141       0.000     0.000    -2.778    -7.198
0330320435_02   40.946958 -105.151719  1982.224       0.000     0.000    18.280    12.144
0330330001_02   39.560601 -105.204530  2251.796       0.000     0.000   -12.746     4.748
0330330006_02   39.660692 -104.844604  1698.040       0.000     0.000   -25.311    15.603
0330330012_02   39.645971 -105.340447  2256.003       0.000     0.000    -9.549    -1.345
0330330027_02   39.634628 -104.775092  1729.000       0.000     0.000    18.750     4.208
0330330056_02   39.289558 -104.275611  1818.235       0.000     0.000    18.928   -10.220
0330330065_02   39.359006 -104.316332  1804.233       0.000     0.000   -12.281     6.159
0330330069_02   39.755852 -105.146621  1684.978       0.000     0.000    57.644   -20.171
0330330086_02   39.391570 -104.337962  1787.288       0.000     0.000     8.004    -0.459
0330330131_02   39.788233 -105.534202  2886.607       0.000     0.000    -9.953     4.733
0330330147_02   39.827878 -105.493141  2760.471       0.000     0.000   -12.251    21.881
0330330155_02   39.526878 -105.298676  2514.468       0.000     0.000   -30.411    13.854
0330330171_02   39.420484 -104.565273  1950.601       0.000     0.000    -3.534    30.217
0330330190_02   39.409281 -104.229073  1834.627       0.000     0.000     1.974     0.897
0330330208_02   39.660138 -105.164954  1743.429       0.000     0.000    -8.345   -45.329
0330330218_02   39.621495 -105.156823  1764.518       0.000     0.000   -16.516     0.496
0330330236_02   39.572941 -105.027827  1629.204       0.000     0.000    16.338    13.383
0330330287_02   39.497249 -105.254238  2575.042       0.000     0.000   -19.661     8.355
0330330299_02   39.801131 -105.490147  2489.767       0.000     0.000   -18.471    16.658
0330330324_02   39.604204 -105.150145  1796.481       0.000     0.000   -20.216    10.317
0330330340_02   39.682934 -105.079297  1670.042       0.000     0.000     1.593    -2.731
0330330348_02   39.682885 -105.378411  2406.152       0.000     0.000   -38.570    27.929
0330330392_02   39.267423 -104.325916  1817.714       0.000     0.000     0.069    14.879
0330330395_02   39.538832 -105.371343  2784.627       0.000     0.000     4.317    10.282
0330330449_02   39.513653 -105.579555  2953.789       0.000     0.000   -38.129     3.936
0330330461_02   39.536318 -105.587773  3441.673       0.000     0.000    10.599   -12.576
0330330462_02   39.512675 -105.612002  3500.022       0.000     0.000    -8.892    -4.260
0340310066_02   40.975922 -105.110065  2032.099       0.000     0.000    25.777     8.620
0340310127_02   40.910226 -104.866295  1732.030       0.000     0.000    37.838     2.009
0340310139_02   40.926658 -105.174120  1934.524       0.000     0.000    22.269   -11.483
0340310244_02   40.919947 -105.140256  1960.009       0.000     0.000     8.633    -0.530
0340310398_02   40.975600 -105.154637  2065.141       0.000     0.000    -0.928   -12.584
0340320001_02   39.917702 -105.401113  2690.767       0.000     0.000   -17.329     4.519
0340320002_02   40.290941 -105.990270  3236.237       0.000     0.000    29.282     7.335
0340320005_02   39.682934 -105.079297  1670.042       0.000     0.000     4.530     2.739
0340320010_02   40.051470 -105.778231  2978.963       0.000     0.000   -65.015   -17.407
0340320011_02   39.506654 -105.278350  2526.448       0.000     0.000   -17.151     3.625
0340320013_02   39.948116 -105.358095  2165.516       0.000     0.000    13.522    -7.941
0340320014_02   40.568304 -105.391149  2439.219       0.000     0.000   -53.359   -28.349
0340320017_02   40.664462 -105.202895  1575.408       0.000     0.000   -14.553    17.041
0340320023_02   39.639704 -105.254059  2287.842       0.000     0.000   -33.857     2.137
0340320024_02   40.172213 -105.864873  2517.978       0.000     0.000    -6.600    18.195
0340320025_02   39.645700 -105.340446  2257.770       0.000     0.000    -6.421     0.074
0340320026_02   39.741201 -106.135360  2575.566       0.000     0.000     4.201    16.127
0340320028_02   40.471939 -104.993158  1488.884       0.000     0.000   -29.990   -27.186
0340320029_02   40.260338 -106.028277  3086.951       0.000     0.000    28.496    29.224
0340320032_02   40.072551 -105.205701  1556.990       0.000     0.000    51.508     0.090
0340320035_02   39.766942 -105.140340  1665.077       0.000     0.000    40.875    -9.740
0340320037_02   39.788864 -105.115157  1631.427       0.000     0.000    19.744    -4.919
0340320042_02   40.158879 -105.840398  2520.403       0.000     0.000    17.651    22.611
0340320043_02   40.838041 -105.155740  1759.000       0.000     0.000    -3.791    14.335
0340320045_02   39.464997 -105.383505  2541.235       0.000     0.000    -7.057     6.426
0340320051_02   40.386510 -105.071634  1490.032       0.000     0.000     7.482     8.086
0340320054_02   39.461547 -105.079046  1805.017       0.000     0.000     1.531   -11.383
0340320058_02   40.161451 -105.893976  2515.200       0.000     0.000    17.328   -10.124
0340320060_02   40.653002 -105.061982  1554.000       0.000     0.000    10.449    -0.601
0340320064_02   39.763950 -105.632784  2469.419       0.000     0.000   -28.770    15.239
0340320065_02   40.611052 -105.131806  1535.204       0.000     0.000     8.713   -22.918
0340320067_02   40.884042 -104.631686  1642.887       0.000     0.000    11.677    -1.653
0340320069_02   39.740383 -105.591254  2807.844       0.000     0.000   -20.461    -2.230
0340320075_02   40.533872 -105.930078  2950.298       0.000     0.000    18.262    -7.435
0340320078_02   39.567103 -106.051839  2747.305       0.000     0.000    -8.339    -2.775
0340320079_02   40.180131 -105.816698  2516.659       0.000     0.000   -10.473    15.079
0340320081_02   39.724602 -105.244569  2222.721       0.000     0.000   -20.411     2.966
0340320083_02   40.624884 -105.079691  1517.000       0.000     0.000   -18.608   -15.829
0340320085_02   39.875810 -105.399816  2762.105       0.000     0.000   -22.856    23.542
0340320087_02   40.308126 -105.077552  1518.814       0.000     0.000    18.457    37.950
0340320091_02   40.535116 -105.975791  2816.177       0.000     0.000   -42.940     0.785
0340320096_02   40.584417 -105.962327  2935.236       0.000     0.000   -12.288    -2.445
0340320097_02   39.889034 -105.198485  1812.654       0.000     0.000   -19.642    -7.247
0340320102_02   40.388378 -105.103801  1512.976       0.000     0.000   -13.077    13.986
0340320108_02   39.674147 -105.853732  3707.581       0.000     0.000    -2.225    -3.054
0340320109_02   39.968165 -105.898127  2652.569       0.000     0.000    -9.887    -6.351
0340320110_02   40.191429 -105.231436  1581.008       0.000     0.000    -3.532    -0.258
0340320111_02   39.820906 -105.409313  2591.494       0.000     0.000   -35.179     1.815
0340320113_02   40.785152 -104.739612  1626.041       0.000     0.000    -8.250   -26.944
0340320116_02   40.133951 -105.811215  2515.000       0.000     0.000    22.482   -26.244
0340320122_02   39.939502 -105.658276  3433.128       0.000     0.000    29.994    -4.216
0340320123_02   40.130568 -104.957980  1496.608       0.000     0.000     4.597     4.538
0340320125_02   40.521371 -105.079923  1521.612       0.000     0.000    12.885     1.538
0340320126_02   39.546437 -105.062382  1644.000       0.000     0.000    68.926   -53.250
0340320132_02   39.690788 -105.358511  2377.808       0.000     0.000   -23.127    21.979
0340320134_02   39.495429 -105.698377  2759.763       0.000     0.000   -24.848   -28.145
0340320135_02   40.492209 -105.008378  1470.000       0.000     0.000    -6.936   -14.067
0340320145_02   40.041201 -105.203497  1558.551       0.000     0.000    23.070    19.406
0340320150_02   40.837518 -105.840369  3110.085       0.000     0.000     1.447    10.043
0340320153_02   40.221179 -105.601759  3133.524       0.000     0.000    36.839   -13.253
0340320154_02   40.404081 -105.068117  1509.897       0.000     0.000    -1.508     9.270
0340320156_02   40.614423 -105.858492  2781.967       0.000     0.000    14.766    18.727
0340320160_02   39.783838 -105.784316  3156.975       0.000     0.000     3.446     6.571
0340320161_02   39.719676 -105.716385  3273.034       0.000     0.000   -30.968    11.931
0340320162_02   40.506263 -104.984656  1458.000       0.000     0.000    14.827   -17.607
0340320165_02   40.003078 -105.210062  1599.232       0.000     0.000    30.627     4.298
0340320169_02   39.900198 -105.764585  2862.585       0.000     0.000   -10.323    -4.988
0340320171_02   39.785947 -105.501251  2590.655       0.000     0.000    -7.077    18.468
0340320174_02   39.746879 -105.955124  3594.747       0.000     0.000    43.438   -32.774
0340320176_02   40.215236 -105.416612  2097.984       0.000     0.000    -3.836    -5.262
0340320181_02   39.793559 -105.931942  3479.009       0.000     0.000    44.914   -32.783
0340320182_02   39.788233 -105.534202  2886.607       0.000     0.000    -5.973     3.963
0340320185_02   40.662054 -105.471905  2208.035       0.000     0.000    21.999   -18.763
0340320188_02   40.320796 -105.513659  2518.684       0.000     0.000   -24.592    11.024
0340320190_02   40.167437 -105.197179  1555.691       0.000     0.000    22.823     6.968
0340320195_02   40.207371 -105.492356  2484.688       0.000     0.000   -19.778     8.792
0340320199_02   40.585991 -104.977548  1512.131       0.000     0.000   -13.188    -3.296
0340320207_02   40.747834 -105.103292  1604.707       0.000     0.000    -4.596   -13.405
0340320208_02   40.858124 -104.640017  1639.272       0.000     0.000     4.671    -4.623
0340320215_02   40.461848 -105.841685  2978.096       0.000     0.000    12.454    21.386
0340320216_02   40.648691 -104.971850  1553.000       0.000     0.000   -12.447    -6.855
0340320230_02   40.847264 -105.672870  2728.257       0.000     0.000   -48.609    -0.495
0340320237_02   39.543582 -105.477158  3080.072       0.000     0.000     0.989    -9.248
0340320238_02   40.346387 -105.532575  2442.664       0.000     0.000     3.111    10.150
0340320241_02   39.698161 -105.333355  2346.223       0.000     0.000    -2.821    16.610
0340320243_02   39.704316 -106.252683  3618.345       0.000     0.000   -71.695    20.372
0340320246_02   40.339701 -105.130570  1550.000       0.000     0.000     0.741     6.540
0340320247_02   39.617295 -106.173524  3479.229       0.000     0.000     5.889   -13.819
0340320251_02   39.538832 -105.371343  2784.627       0.000     0.000     8.414     3.326
0340320252_02   40.396245 -105.868440  3128.332       0.000     0.000   -19.015    -2.206
0340320255_02   39.655575 -105.879381  3597.850       0.000     0.000    -0.422     4.823
0340320256_02   39.740795 -105.053104  1619.724       0.000     0.000    15.449    12.912
0340320257_02   39.944158 -105.207774  1727.328       0.000     0.000   -11.936    -5.787
0340320258_02   39.770528 -105.055228  1637.367       0.000     0.000    19.339     5.516
0340320259_02   40.514768 -105.884841  3141.208       0.000     0.000    35.238     7.779
0340320260_02   39.838356 -105.084735  1650.901       0.000     0.000    17.449    -1.136
0340320261_02   40.192876 -105.177164  1546.721       0.000     0.000    21.667    10.824
0340320262_02   39.879478 -105.750321  2854.875       0.000     0.000     7.320    13.130
0340320264_02   39.822053 -105.583540  2947.088       0.000     0.000   -30.005    -9.768
0340320270_02   39.646465 -105.904090  3487.215       0.000     0.000   -15.049    -3.250
0340320275_02   40.616255 -105.042796  1523.319       0.000     0.000    16.676    -0.043
0340320276_02   39.605473 -106.023066  2760.767       0.000     0.000    31.369     2.167
0340320277_02   40.163808 -105.054489  1500.817       0.000     0.000     8.128    44.636
0340320278_02   39.523611 -105.396742  3027.477       0.000     0.000     9.500     5.328
0340320279_02   40.918403 -104.955703  1783.263       0.000     0.000    19.290     4.411
0340320281_02   39.900412 -105.398556  2695.450       0.000     0.000   -18.454     8.083
0340320290_02   40.816452 -104.869330  1663.371       0.000     0.000   -16.894    13.972
0340320293_02   40.304527 -105.881032  2916.162       0.000     0.000   -27.319    15.151
0340320294_02   40.626779 -105.832047  2874.001       0.000     0.000   -28.867   -17.311
0340320296_02   39.622541 -105.850651  3607.722       0.000     0.000     0.077    -5.004
0340320297_02   40.350020 -105.076894  1546.983       0.000     0.000   -38.336   -29.877
0340320298_02   40.524372 -104.995278  1464.000       0.000     0.000   -12.474   -10.988
0340320304_02   39.621495 -105.156823  1764.518       0.000     0.000    -7.491    -2.983
0340320305_02   39.987816 -105.836541  2534.772       0.000     0.000   -27.231   -28.116
0340320307_02   40.262498 -105.863200  2625.000       0.000     0.000    24.063    34.389
0340320309_02   40.495784 -105.416218  2866.136       0.000     0.000   -48.805   -11.104
0340320311_02   40.078322 -105.677203  3582.748       0.000     0.000    -6.555   -30.317
0340320315_02   40.312789 -105.963403  2939.615       0.000     0.000    43.708    19.443
0340320317_02   40.975922 -105.110065  2032.099       0.000     0.000    31.447     8.849
0340320320_02   40.368328 -105.149353  1557.391       0.000     0.000   -47.306    25.125
0340320321_02   40.502544 -105.780941  3072.997       0.000     0.000    56.533    39.300
0340320327_02   40.323390 -105.922945  3216.028       0.000     0.000   109.830   -65.777
0340320330_02   40.637603 -105.936128  3445.908       0.000     0.000   -52.731   -39.375
0340320332_02   40.150242 -105.278494  1702.563       0.000     0.000    -9.121     4.689
0340320333_02   40.448960 -105.038444  1498.000       0.000     0.000    42.254     7.153
0340320336_02   40.666437 -105.148242  1577.943       0.000     0.000   -22.412   -22.641
0340320338_02   40.340497 -105.877968  2844.473       0.000     0.000   -21.284    -0.856
0340320340_02   40.442992 -105.080537  1527.854       0.000     0.000   -24.582   -14.621
0340320341_02   39.497249 -105.254238  2575.042       0.000     0.000   -12.294     5.346
0340320342_02   39.605893 -105.713813  3391.013       0.000     0.000    12.140   -15.074
0340320349_02   40.061377 -105.902867  2461.729       0.000     0.000   -17.194     9.288
0340320352_02   39.827036 -105.249490  1839.027       0.000     0.000    23.253    18.963
0340320354_02   40.789350 -105.186206  1851.447       0.000     0.000    16.845     2.618
0340320356_02   40.176794 -104.986845  1474.948       0.000     0.000    14.135   -17.771
0340320357_02   40.225105 -105.127882  1541.390       0.000     0.000    18.070     4.587
0340320360_02   40.706502 -105.081209  1573.000       0.000     0.000    -8.305   -51.651
0340320363_02   41.022267 -105.208984  2216.000       0.000     0.000   -28.845    26.852
0340320366_02   39.616186 -105.562235  3031.059       0.000     0.000     8.457    24.715
0340320369_02   39.685557 -105.387871  2455.092       0.000     0.000   -41.438    13.164
0340320371_02   40.781297 -105.148141  1683.698       0.000     0.000   -13.733     8.734
0340320373_02   39.723049 -105.960395  3624.665       0.000     0.000    39.416   -36.872
0340320376_02   40.032042 -105.533638  2876.421       0.000     0.000    -8.556     8.586
0340320380_02   40.489691 -105.912122  3328.098       0.000     0.000   -18.223    -6.420
0340320381_02   40.816091 -105.194819  1758.220       0.000     0.000   -14.620    -6.571
0340320386_02   40.137414 -105.209418  1563.162       0.000     0.000    16.844     2.316
0340320387_02   40.926658 -105.173764  1926.917       0.000     0.000    17.899     5.095
0340320394_02   40.272363 -105.297343  1751.479       0.000     0.000   -19.011     0.923
0340320395_02   40.043030 -105.344524  2066.773       0.000     0.000    -0.370    -4.673
0340320396_02   40.061771 -105.400198  2432.385       0.000     0.000    -0.627    15.366
0340320397_02   39.579059 -106.103368  2757.041       0.000     0.000     7.477    -6.937
0340320401_02   39.566156 -105.619807  3944.632       0.000     0.000    46.458   -20.185
0340320408_02   40.997084 -105.343022  2210.808       0.000     0.000    29.513     6.068
0340320420_02   40.975601 -105.154280  2066.999       0.000     0.000    -1.864    -6.875
0340330001_02   39.506654 -105.278350  2526.448       0.000     0.000   -17.695     9.408
0340330008_02   39.465267 -105.383507  2540.090       0.000     0.000   -11.629    14.373
0340330018_02   39.461548 -105.078697  1814.942       0.000     0.000    -2.646    -1.093
0340330031_02   39.627106 -106.052397  2745.662       0.000     0.000    17.926    13.624
0340330098_02   39.495429 -105.698377  2759.763       0.000     0.000   -30.700   -21.513
0340330102_02   39.496979 -105.253888  2574.454       0.000     0.000   -15.588    10.115
0340330121_02   39.538832 -105.371343  2784.627       0.000     0.000     7.318     8.599
0340330124_02   39.546437 -105.062382  1644.000       0.000     0.000    87.533   -50.566
0340330136_02   39.655575 -105.879381  3597.850       0.000     0.000    -8.902     8.707
0340330137_02   39.605473 -106.023066  2760.767       0.000     0.000    28.832     0.711
0340330147_02   39.704316 -106.252683  3618.345       0.000     0.000   -70.691    21.115
0340330155_02   39.567103 -106.051839  2747.305       0.000     0.000    -5.034    -0.023
0340330172_02   39.617022 -106.173869  3481.465       0.000     0.000     6.446   -12.894
0340330181_02   39.543582 -105.477158  3080.072       0.000     0.000    -0.781    -6.313
0340330198_02   39.523611 -105.396742  3027.477       0.000     0.000     1.649    11.225
0340330205_02   39.622541 -105.850651  3607.722       0.000     0.000    -4.817     0.069
0340330207_02   39.616186 -105.562235  3031.059       0.000     0.000     7.721    28.031
0340330236_02   39.638253 -105.983344  3327.002       0.000     0.000    13.760   -41.425
0340330244_02   39.605893 -105.713813  3391.013       0.000     0.000    12.191   -15.575
0340330285_02   39.543904 -105.847595  3602.825       0.000     0.000    45.079    -5.475
0340330298_02   39.585664 -106.090896  2747.263       0.000     0.000    15.474    -5.866
0340330314_02   39.692756 -106.195444  3063.152       0.000     0.000    56.772    37.080
0340330334_02   39.419095 -105.268243  2376.625       0.000     0.000    26.055   -32.273
0340330352_02   39.646465 -105.904090  3487.215       0.000     0.000   -18.943    -3.317
0340330369_02   39.597720 -105.949228  3032.566       0.000     0.000   -22.949   -24.058
0340330372_02   39.566156 -105.619807  3944.632       0.000     0.000    49.579   -26.291
0340330416_02   39.541757 -105.293852  2441.789       0.000     0.000   -15.806    23.013
0340330433_02   39.553798 -105.339298  2530.105       0.000     0.000    -7.721    11.085
