==============================================================================
==============================================================================
Wed. Feb. 10 2016                  LANDSAT 5                       Time: 04:36
                            Image Assessment System
                            GEOMETRIC VERIFY Report
==============================================================================
Order ID: 9991602090003_12564                          Path / Row - 34 / 32
Reference Image: L51AAA1186203060500_HDF.L1G

Color mapping per rank
----------------------
Rank  1 is Green: total residual <= 0.5
Rank  2 is Cyan: 0.5 < total residual <=  1
Rank  3 is Blue:  1 < total residual <=  2
Rank  4 is Yellow:  2 < total residual <=  3
Rank  5 is Red:  3 < total residual

Percentage of residuals by rank
-------------------------------
Rank   1 -- 83.2%
Rank   2 -- 16.8%
Rank   3 --  0.0%
Rank   4 --  0.0%
Rank   5 --  0.0%

       GCP    Latitude    Longitude  Sample   Line     Total    Rank
        ID                           Residual Residual Residual
              (Degree)    (Degree)   (Pixel)  (Pixel)  (Pixel)
----------------------------------------------------------------------
0340320172   41.23617   -106.45796     0.05     -0.31     0.31     1 
0340320247   41.21132   -106.45741    -0.40     -0.21     0.45     1 
0340320248   41.21179   -106.42021    -0.50     -0.25     0.56     2 
0340320321   41.18599   -106.49405    -0.36      0.01     0.36     1 
0340320322   41.18647   -106.45686    -0.60      0.17     0.62     2 
0340320323   41.18693   -106.41967    -0.28     -0.05     0.29     1 
0340320324   41.18738   -106.38248     0.01     -0.12     0.12     1 
0340320328   41.18907   -106.23370    -0.13     -0.39     0.41     1 
0340320395   41.16065   -106.53066    -0.47      0.12     0.49     1 
0340320396   41.16114   -106.49349    -0.37     -0.08     0.37     1 
0340320397   41.16161   -106.45631    -0.19      0.15     0.24     1 
0340320398   41.16208   -106.41913    -0.44     -0.11     0.45     1 
0340320399   41.16253   -106.38195    -0.17     -0.45     0.49     1 
0340320404   41.16461   -106.19605     0.18     -0.20     0.27     1 
0340320473   41.13722   -106.41860    -0.46     -0.46     0.65     2 
0340320474   41.13767   -106.38143    -0.41     -0.11     0.42     1 
0340320475   41.13811   -106.34427    -0.14     -0.23     0.27     1 
0340320479   41.13975   -106.19560     0.20     -0.24     0.31     1 
0340320480   41.14013   -106.15843     0.16     -0.21     0.26     1 
0340320549   41.11282   -106.38091    -0.23     -0.21     0.31     1 
0340320550   41.11326   -106.34376    -0.19     -0.25     0.31     1 
0340320551   41.11369   -106.30661     0.01     -0.25     0.25     1 
0340320552   41.11410   -106.26945     0.26     -0.37     0.46     1 
0340320553   41.11451   -106.23230     0.32     -0.31     0.45     1 
0340320560   41.11699   -105.97221     0.39      0.53     0.66     2 
0340320623   41.08751   -106.41753    -0.57      0.01     0.57     2 
0340320624   41.08796   -106.38039    -0.29     -0.16     0.33     1 
0340320625   41.08840   -106.34325    -0.05     -0.35     0.35     1 
0340320626   41.08883   -106.30612     0.14     -0.27     0.30     1 
0340320627   41.08924   -106.26898     0.29     -0.17     0.34     1 
0340320633   41.09148   -106.04613     0.64      0.19     0.67     2 
0340320634   41.09182   -106.00899     0.50      0.41     0.64     2 
0340320635   41.09213   -105.97184     0.31      0.26     0.40     1 
0340320636   41.09244   -105.93470    -0.08      0.45     0.46     1 
0340320637   41.09274   -105.89755    -0.06      0.28     0.28     1 
0340320638   41.09302   -105.86041    -0.08      0.23     0.24     1 
0340320639   41.09329   -105.82326    -0.15      0.33     0.37     1 
0340320643   41.09426   -105.67467    -0.16      0.52     0.54     2 
0340320644   41.09447   -105.63752    -0.28      0.18     0.34     1 
0340320645   41.09467   -105.60037    -0.34      0.25     0.42     1 
0340320646   41.09486   -105.56322    -0.34      0.35     0.49     1 
0340320648   41.09520   -105.48892     0.13      0.33     0.35     1 
0340320694   41.06074   -106.56547    -0.11     -0.14     0.18     1 
0340320698   41.06266   -106.41699    -0.60      0.32     0.68     2 
0340320699   41.06311   -106.37987    -0.36     -0.06     0.36     1 
0340320701   41.06397   -106.30562     0.36     -0.32     0.48     1 
0340320702   41.06439   -106.26850     0.26     -0.29     0.39     1 
0340320704   41.06518   -106.19425     0.02     -0.12     0.12     1 
0340320708   41.06663   -106.04573     0.38      0.02     0.38     1 
0340320711   41.06758   -105.93434    -0.08      0.32     0.33     1 
0340320712   41.06788   -105.89721    -0.22      0.41     0.47     1 
0340320713   41.06816   -105.86008    -0.01      0.29     0.29     1 
0340320714   41.06843   -105.82295    -0.11      0.32     0.34     1 
0340320768   41.03537   -106.60199     0.25     -0.17     0.30     1 
0340320769   41.03588   -106.56488    -0.04     -0.29     0.30     1 
0340320774   41.03825   -106.37935    -0.42      0.07     0.43     1 
0340320775   41.03869   -106.34224    -0.23      0.03     0.23     1 
0340320777   41.03953   -106.26802     0.31     -0.33     0.45     1 
0340320779   41.04033   -106.19380     0.09     -0.11     0.14     1 
0340320783   41.04177   -106.04534     0.30      0.16     0.34     1 
0340320784   41.04210   -106.00823     0.26      0.21     0.33     1 
0340320785   41.04242   -105.97111    -0.11      0.28     0.30     1 
0340320786   41.04272   -105.93399    -0.11      0.42     0.44     1 
0340320787   41.04302   -105.89688    -0.07      0.55     0.56     2 
0340320788   41.04330   -105.85976    -0.10      0.52     0.53     2 
0340320795   41.04495   -105.59992    -0.05      0.52     0.52     2 
0340320796   41.04514   -105.56280     0.23      0.55     0.60     2 
0340320798   41.04547   -105.48856    -0.14      0.35     0.37     1 
0340320802   41.04601   -105.34006    -0.42     -0.30     0.52     2 
0340320843   41.01052   -106.60138     0.37     -0.54     0.66     2 
0340320844   41.01103   -106.56430    -0.15     -0.17     0.22     1 
0340320850   41.01384   -106.34174    -0.21      0.06     0.22     1 
0340320851   41.01426   -106.30464     0.07     -0.18     0.19     1 
0340320852   41.01468   -106.26754     0.27     -0.31     0.42     1 
0340320853   41.01508   -106.23045     0.32     -0.20     0.37     1 
0340320854   41.01547   -106.19335     0.30     -0.12     0.32     1 
0340320855   41.01585   -106.15625     0.10     -0.10     0.14     1 
0340320856   41.01621   -106.11915     0.24      0.07     0.25     1 
0340320857   41.01657   -106.08205     0.17      0.30     0.35     1 
0340320861   41.01787   -105.93364    -0.13      0.54     0.55     2 
0340320862   41.01816   -105.89654     0.10      0.59     0.60     2 
0340320865   41.01897   -105.78522    -0.21      0.56     0.60     2 
0340320870   41.02009   -105.59969     0.06      0.34     0.35     1 
0340320873   41.02061   -105.48837     0.18     -0.24     0.30     1 
0340320875   41.02090   -105.41415     0.02     -0.33     0.33     1 
0340320876   41.02103   -105.37704    -0.09     -0.32     0.33     1 
0340320877   41.02114   -105.33994    -0.32     -0.42     0.53     2 
0340320878   41.02125   -105.30283    -0.12     -0.36     0.38     1 
0340320879   41.02134   -105.26572    -0.08     -0.24     0.26     1 
0340320880   41.02142   -105.22861     0.17     -0.32     0.36     1 
0340320881   41.02149   -105.19150     0.12     -0.43     0.45     1 
0340320885   41.02164   -105.04306     0.04     -0.08     0.09     1 
0340320886   41.02165   -105.00595     0.23     -0.03     0.23     1 
0340320915   40.98407   -106.71201     0.09      0.36     0.37     1 
0340320919   40.98618   -106.56371     0.11     -0.35     0.37     1 
0340320925   40.98898   -106.34123    -0.27     -0.03     0.28     1 
0340320926   40.98941   -106.30415    -0.21      0.13     0.25     1 
0340320927   40.98982   -106.26707     0.18     -0.14     0.23     1 
0340320928   40.99022   -106.22998     0.41     -0.24     0.48     1 
0340320929   40.99061   -106.19290     0.45     -0.03     0.45     1 
0340320930   40.99099   -106.15582     0.40     -0.13     0.42     1 
0340320931   40.99135   -106.11873     0.19      0.05     0.20     1 
0340320932   40.99171   -106.08164     0.12      0.32     0.34     1 
0340320935   40.99270   -105.97038    -0.04      0.33     0.33     1 
0340320939   40.99385   -105.82202    -0.16      0.56     0.58     2 
0340320946   40.99541   -105.56238     0.15     -0.02     0.15     1 
0340320947   40.99559   -105.52528     0.08     -0.21     0.23     1 
0340320948   40.99575   -105.48819     0.18     -0.12     0.22     1 
0340320949   40.99590   -105.45109     0.31      0.07     0.32     1 
0340320950   40.99604   -105.41400     0.10     -0.16     0.18     1 
0340320951   40.99617   -105.37690    -0.09     -0.25     0.26     1 
0340320952   40.99628   -105.33981    -0.24     -0.36     0.43     1 
0340320953   40.99639   -105.30271    -0.14      0.00     0.14     1 
0340320954   40.99648   -105.26562     0.00     -0.11     0.11     1 
0340320955   40.99656   -105.22852     0.03     -0.26     0.26     1 
0340320956   40.99663   -105.19142     0.09     -0.13     0.16     1 
0340320959   40.99676   -105.08014     0.13     -0.27     0.29     1 
0340320993   40.96081   -106.60018    -0.13     -0.07     0.15     1 
0340320994   40.96132   -106.56312     0.16     -0.47     0.50     1 
0340320995   40.96182   -106.52606     0.06     -0.39     0.39     1 
0340321000   40.96412   -106.34073    -0.12      0.05     0.13     1 
0340321001   40.96455   -106.30366     0.10     -0.02     0.10     1 
0340321002   40.96496   -106.26659     0.16     -0.09     0.19     1 
0340321003   40.96536   -106.22952     0.58     -0.27     0.64     2 
0340321007   40.96685   -106.08124     0.41      0.22     0.46     1 
0340321018   40.96995   -105.67340     0.01      0.36     0.37     1 
0340321019   40.97017   -105.63632     0.02      0.13     0.13     1 
0340321020   40.97036   -105.59924    -0.06      0.13     0.14     1 
0340321021   40.97055   -105.56216     0.02      0.17     0.17     1 
0340321022   40.97073   -105.52508    -0.02     -0.04     0.04     1 
0340321023   40.97089   -105.48800     0.01      0.26     0.26     1 
0340321024   40.97104   -105.45092     0.06      0.12     0.14     1 
0340321025   40.97118   -105.41384     0.05     -0.44     0.44     1 
0340321026   40.97131   -105.37676    -0.06     -0.43     0.44     1 
0340321027   40.97142   -105.33968    -0.24     -0.33     0.41     1 
0340321029   40.97161   -105.26552     0.07     -0.26     0.26     1 
0340321030   40.97169   -105.22844     0.09     -0.25     0.27     1 
0340321031   40.97176   -105.19135     0.09     -0.18     0.20     1 
0340321032   40.97182   -105.15427     0.29     -0.19     0.35     1 
0340321038   40.97190   -104.93178     0.11     -0.17     0.20     1 
0340321039   40.97187   -104.89470     0.11     -0.16     0.20     1 
0340321044   40.97155   -104.70929    -0.13     -0.04     0.14     1 
0340321076   40.93969   -106.30317     0.41     -0.20     0.46     1 
0340321077   40.94011   -106.26612    -0.20     -0.01     0.20     1 
0340321078   40.94051   -106.22906     0.49     -0.21     0.54     2 
0340321079   40.94090   -106.19200     0.36     -0.08     0.37     1 
0340321082   40.94199   -106.08083     0.24      0.42     0.49     1 
0340321092   40.94487   -105.71021    -0.21      0.24     0.31     1 
0340321093   40.94509   -105.67315     0.14      0.09     0.17     1 
0340321096   40.94569   -105.56195     0.05      0.15     0.16     1 
0340321097   40.94586   -105.52489     0.07      0.00     0.07     1 
0340321098   40.94603   -105.48782     0.15     -0.07     0.17     1 
0340321099   40.94618   -105.45075    -0.05      0.13     0.14     1 
0340321100   40.94632   -105.41369     0.11     -0.29     0.31     1 
0340321101   40.94644   -105.37662     0.02     -0.37     0.37     1 
0340321104   40.94675   -105.26542    -0.05      0.14     0.15     1 
0340321105   40.94683   -105.22835     0.07     -0.23     0.24     1 
0340321106   40.94690   -105.19128     0.13     -0.26     0.29     1 
0340321109   40.94703   -105.08008     0.16     -0.19     0.25     1 
0340321113   40.94704   -104.93180     0.08     -0.20     0.22     1 
0340321114   40.94701   -104.89473     0.09     -0.15     0.17     1 
0340321119   40.94669   -104.70940    -0.15      0.02     0.15     1 
0340321148   40.91353   -106.41380    -0.01     -0.21     0.21     1 
0340321154   40.91604   -106.19156     0.18     -0.12     0.21     1 
0340321157   40.91713   -106.08043     0.31      0.45     0.54     2 
0340321158   40.91747   -106.04338     0.36      0.28     0.46     1 
0340321167   40.92001   -105.70995    -0.07      0.39     0.40     1 
0340321168   40.92023   -105.67290     0.12      0.47     0.48     1 
0340321171   40.92083   -105.56174     0.12     -0.01     0.12     1 
0340321172   40.92100   -105.52469     0.08      0.09     0.12     1 
0340321173   40.92116   -105.48764     0.10     -0.05     0.11     1 
0340321174   40.92131   -105.45059    -0.17      0.14     0.22     1 
0340321175   40.92145   -105.41353    -0.09     -0.10     0.13     1 
0340321176   40.92158   -105.37648    -0.23     -0.28     0.36     1 
0340321180   40.92197   -105.22826     0.08     -0.03     0.09     1 
0340321181   40.92204   -105.19121     0.18     -0.21     0.28     1 
0340321182   40.92209   -105.15416     0.07     -0.12     0.14     1 
0340321183   40.92213   -105.11710     0.21     -0.18     0.28     1 
0340321190   40.92211   -104.85772     0.26      0.09     0.27     1 
0340321191   40.92206   -104.82067     0.36      0.17     0.40     1 
0340321192   40.92199   -104.78361     0.25      0.10     0.27     1 
0340321193   40.92192   -104.74656     0.13     -0.02     0.13     1 
0340321194   40.92183   -104.70950    -0.08      0.04     0.09     1 
0340321196   40.92162   -104.63540    -0.21     -0.29     0.36     1 
0340321229   40.89118   -106.19111     0.40     -0.35     0.53     2 
0340321232   40.89227   -106.08002     0.34      0.47     0.58     2 
0340321233   40.89261   -106.04299     0.39      0.30     0.50     1 
0340321241   40.89491   -105.74672     0.30      0.42     0.52     2 
0340321244   40.89558   -105.63561     0.06      0.29     0.29     1 
0340321245   40.89578   -105.59857     0.12      0.24     0.27     1 
0340321246   40.89596   -105.56153     0.09      0.01     0.09     1 
0340321247   40.89614   -105.52449    -0.04      0.09     0.10     1 
0340321248   40.89630   -105.48745     0.15      0.07     0.17     1 
0340321249   40.89645   -105.45042    -0.03      0.05     0.06     1 
0340321250   40.89659   -105.41338    -0.05     -0.05     0.07     1 
0340321255   40.89711   -105.22818     0.01     -0.16     0.16     1 
0340321256   40.89717   -105.19114     0.00     -0.19     0.19     1 
0340321258   40.89727   -105.11706     0.11     -0.17     0.20     1 
0340321259   40.89730   -105.08002     0.12     -0.14     0.19     1 
0340321267   40.89713   -104.78369     0.34     -0.01     0.34     1 
0340321268   40.89705   -104.74665     0.20     -0.03     0.20     1 
0340321269   40.89697   -104.70961     0.08      0.21     0.23     1 
0340321270   40.89687   -104.67257     0.14      0.24     0.28     1 
0340321271   40.89676   -104.63553    -0.02      0.06     0.06     1 
0340321289   40.85925   -106.74580     0.58      0.22     0.62     2 
0340321295   40.86240   -106.52377    -0.48     -0.12     0.50     1 
0340321304   40.86632   -106.19067    -0.23      0.39     0.45     1 
0340321305   40.86670   -106.15365     0.46     -0.03     0.46     1 
0340321310   40.86840   -105.96856     0.38      0.31     0.49     1 
0340321320   40.87092   -105.59835    -0.10      0.60     0.61     2 
0340321321   40.87110   -105.56132    -0.01      0.50     0.50     1 
0340321322   40.87128   -105.52430    -0.05      0.30     0.31     1 
0340321323   40.87144   -105.48727     0.06      0.28     0.29     1 
0340321324   40.87159   -105.45025     0.10      0.08     0.13     1 
0340321325   40.87173   -105.41322     0.33     -0.32     0.46     1 
0340321328   40.87207   -105.30215    -0.18     -0.07     0.19     1 
0340321330   40.87224   -105.22809    -0.15     -0.12     0.19     1 
0340321333   40.87241   -105.11701     0.14     -0.19     0.24     1 
0340321334   40.87244   -105.07999     0.17     -0.30     0.35     1 
0340321335   40.87246   -105.04296     0.22      0.08     0.23     1 
0340321342   40.87227   -104.78377     0.02      0.04     0.05     1 
0340321346   40.87189   -104.63567    -0.15     -0.04     0.16     1 
0340321384   40.84322   -106.00521     0.47      0.46     0.65     2 
0340321385   40.84354   -105.96820     0.49      0.17     0.51     2 
0340321393   40.84565   -105.67214     0.30     -0.02     0.30     1 
0340321395   40.84605   -105.59812     0.13      0.14     0.19     1 
0340321396   40.84624   -105.56111     0.32      0.01     0.32     1 
0340321397   40.84642   -105.52410    -0.05      0.09     0.10     1 
0340321398   40.84658   -105.48709     0.19      0.39     0.44     1 
0340321399   40.84673   -105.45008     0.21      0.04     0.21     1 
0340321400   40.84687   -105.41307     0.08     -0.14     0.16     1 
0340321401   40.84699   -105.37606     0.26     -0.37     0.45     1 
0340321402   40.84711   -105.33904    -0.06     -0.08     0.10     1 
0340321403   40.84721   -105.30203    -0.15      0.14     0.20     1 
0340321405   40.84738   -105.22801    -0.28     -0.10     0.30     1 
0340321406   40.84745   -105.19100     0.03     -0.21     0.21     1 
0340321407   40.84750   -105.15398     0.03     -0.26     0.26     1 
0340321410   40.84760   -105.04294     0.18      0.11     0.21     1 
0340321411   40.84761   -105.00593     0.18      0.30     0.35     1 
0340321420   40.84714   -104.67282    -0.19      0.25     0.31     1 
0340321421   40.84703   -104.63581    -0.23      0.08     0.24     1 
0340321445   40.81269   -106.52263    -0.24     -0.51     0.57     2 
0340321457   40.81770   -106.07881     0.33      0.42     0.53     2 
0340321458   40.81804   -106.04182     0.42     -0.07     0.43     1 
0340321461   40.81899   -105.93085     0.38      0.50     0.63     2 
0340321468   40.82079   -105.67189     0.01      0.42     0.42     1 
0340321469   40.82100   -105.63490     0.17      0.30     0.35     1 
0340321470   40.82119   -105.59790     0.03      0.18     0.19     1 
0340321471   40.82138   -105.56090     0.00      0.22     0.22     1 
0340321472   40.82155   -105.52391     0.28     -0.16     0.32     1 
0340321473   40.82171   -105.48691     0.42      0.01     0.42     1 
0340321474   40.82186   -105.44991    -0.05      0.17     0.18     1 
0340321475   40.82200   -105.41291     0.02     -0.20     0.20     1 
0340321476   40.82213   -105.37592     0.24     -0.43     0.49     1 
0340321477   40.82224   -105.33892     0.04     -0.06     0.07     1 
0340321482   40.82264   -105.15393     0.07     -0.03     0.07     1 
0340321490   40.82265   -104.85793     0.06      0.07     0.09     1 
0340321513   40.78413   -106.78081     0.27      0.49     0.56     2 
0340321514   40.78470   -106.74385     0.10      0.42     0.43     1 
0340321515   40.78525   -106.70689     0.45      0.31     0.55     2 
0340321521   40.78832   -106.48510    -0.13     -0.46     0.48     1 
0340321522   40.78879   -106.44813    -0.11     -0.59     0.60     2 
0340321523   40.78925   -106.41116    -0.32     -0.15     0.36     1 
0340321525   40.79013   -106.33722    -0.20     -0.19     0.28     1 
0340321532   40.79284   -106.07841     0.30      0.25     0.39     1 
0340321536   40.79413   -105.93050     0.26      0.63     0.68     2 
0340321537   40.79442   -105.89352     0.43      0.28     0.51     2 
0340321538   40.79470   -105.85654     0.18      0.30     0.35     1 
0340321543   40.79592   -105.67164     0.06      0.51     0.51     2 
0340321544   40.79613   -105.63466     0.27      0.15     0.31     1 
0340321545   40.79633   -105.59768     0.02      0.15     0.15     1 
0340321546   40.79652   -105.56069    -0.17      0.11     0.21     1 
0340321547   40.79669   -105.52371     0.11      0.24     0.26     1 
0340321548   40.79685   -105.48673     0.25     -0.06     0.26     1 
0340321549   40.79700   -105.44974    -0.00     -0.07     0.07     1 
0340321550   40.79714   -105.41276    -0.13     -0.22     0.25     1 
0340321551   40.79727   -105.37578    -0.07     -0.22     0.23     1 
0340321552   40.79738   -105.33879     0.13     -0.30     0.32     1 
0340321556   40.79772   -105.19085    -0.10      0.09     0.13     1 
0340321557   40.79778   -105.15387    -0.19      0.09     0.21     1 
0340321567   40.79768   -104.78402    -0.12      0.11     0.16     1 
0340321568   40.79760   -104.74703     0.01      0.10     0.10     1 
0340321588   40.75928   -106.78015     0.20      0.48     0.52     2 
0340321589   40.75985   -106.74320    -0.05      0.48     0.48     1 
0340321590   40.76040   -106.70625     0.08     -0.13     0.16     1 
0340321593   40.76199   -106.59540    -0.36      0.27     0.45     1 
0340321596   40.76346   -106.48455     0.02     -0.21     0.22     1 
0340321597   40.76393   -106.44759    -0.45     -0.49     0.66     2 
0340321600   40.76527   -106.33673    -0.23      0.03     0.23     1 
0340321603   40.76650   -106.22585    -0.09      0.02     0.09     1 
0340321612   40.76956   -105.89319     0.25      0.12     0.27     1 
0340321613   40.76984   -105.85622     0.15      0.27     0.31     1 
0340321619   40.77127   -105.63442     0.13      0.15     0.20     1 
0340321620   40.77147   -105.59745     0.10      0.14     0.18     1 
0340321621   40.77165   -105.56048     0.03      0.06     0.07     1 
0340321622   40.77183   -105.52352     0.14      0.21     0.26     1 
0340321623   40.77199   -105.48655     0.13     -0.00     0.13     1 
0340321624   40.77214   -105.44958    -0.10     -0.10     0.14     1 
0340321625   40.77228   -105.41261    -0.05     -0.19     0.20     1 
0340321626   40.77240   -105.37564    -0.03     -0.13     0.14     1 
0340321628   40.77262   -105.30169     0.07      0.09     0.12     1 
0340321629   40.77271   -105.26472     0.12     -0.16     0.20     1 
0340321630   40.77279   -105.22775     0.15     -0.00     0.15     1 
0340321631   40.77286   -105.19078     0.14     -0.04     0.15     1 
0340321632   40.77291   -105.15381     0.09     -0.15     0.18     1 
0340321644   40.77265   -104.71016     0.09      0.11     0.14     1 
0340321663   40.73443   -106.77948     0.15      0.60     0.62     2 
0340321664   40.73499   -106.74255    -0.07      0.64     0.65     2 
0340321665   40.73555   -106.70562     0.07     -0.39     0.40     1 
0340321668   40.73713   -106.59481    -0.15      0.08     0.17     1 
0340321675   40.74041   -106.33623    -0.30      0.05     0.30     1 
0340321687   40.74470   -105.89286     0.24      0.17     0.29     1 
0340321688   40.74498   -105.85590     0.37      0.49     0.62     2 
0340321695   40.74661   -105.59723     0.16      0.04     0.17     1 
0340321696   40.74679   -105.56028     0.15      0.13     0.20     1 
0340321697   40.74696   -105.52332     0.14      0.26     0.30     1 
0340321698   40.74713   -105.48636     0.12      0.08     0.14     1 
0340321699   40.74728   -105.44941     0.04     -0.10     0.11     1 
0340321700   40.74741   -105.41245     0.06     -0.23     0.23     1 
0340321701   40.74754   -105.37550    -0.12     -0.06     0.14     1 
0340321702   40.74765   -105.33854     0.03     -0.15     0.16     1 
0340321703   40.74776   -105.30158     0.07     -0.10     0.13     1 
0340321704   40.74785   -105.26462     0.08     -0.10     0.13     1 
0340321705   40.74793   -105.22767     0.12     -0.03     0.13     1 
0340321706   40.74799   -105.19071     0.42     -0.07     0.43     1 
0340321707   40.74805   -105.15375    -0.03     -0.18     0.18     1 
0340321720   40.74769   -104.67331     0.01      0.41     0.41     1 
0340321740   40.71069   -106.70498    -0.16      0.25     0.30     1 
0340321743   40.71228   -106.59422    -0.41      0.26     0.49     1 
0340321746   40.71375   -106.48344    -0.06     -0.14     0.15     1 
0340321747   40.71422   -106.44652    -0.33     -0.22     0.40     1 
0340321749   40.71513   -106.37266    -0.18     -0.14     0.23     1 
0340321759   40.71893   -106.00333     0.12      0.12     0.17     1 
0340321761   40.71954   -105.92946     0.00      0.52     0.52     2 
0340321762   40.71984   -105.89252     0.14      0.06     0.15     1 
0340321763   40.72012   -105.85559     0.28      0.29     0.40     1 
0340321769   40.72155   -105.63395     0.10      0.11     0.15     1 
0340321770   40.72174   -105.59701    -0.04      0.11     0.12     1 
0340321771   40.72193   -105.56007     0.09      0.02     0.10     1 
0340321772   40.72210   -105.52312     0.16      0.01     0.16     1 
0340321773   40.72226   -105.48618     0.15     -0.15     0.21     1 
0340321774   40.72241   -105.44924    -0.16     -0.24     0.29     1 
0340321775   40.72255   -105.41230     0.08     -0.26     0.27     1 
0340321776   40.72268   -105.37536    -0.06     -0.18     0.19     1 
0340321777   40.72279   -105.33841    -0.06     -0.09     0.11     1 
0340321778   40.72289   -105.30147    -0.01      0.00     0.01     1 
0340321779   40.72298   -105.26453     0.08      0.03     0.09     1 
0340321780   40.72306   -105.22758     0.10      0.01     0.10     1 
0340321781   40.72313   -105.19064     0.42     -0.20     0.47     1 
0340321785   40.72328   -105.04286     0.39      0.26     0.47     1 
0340321794   40.72292   -104.71037    -0.11     -0.14     0.18     1 
0340321812   40.68415   -106.81507     0.06      0.56     0.57     2 
0340321813   40.68473   -106.77816    -0.02      0.45     0.45     1 
0340321818   40.68742   -106.59362    -0.19      0.03     0.19     1 
0340321819   40.68793   -106.55671    -0.02     -0.42     0.42     1 
0340321822   40.68937   -106.44598    -0.25     -0.26     0.36     1 
0340321824   40.69027   -106.37215    -0.25     -0.27     0.37     1 
0340321825   40.69070   -106.33523    -0.05     -0.45     0.45     1 
0340321826   40.69112   -106.29832     0.27     -0.12     0.30     1 
0340321837   40.69497   -105.89219     0.02      0.58     0.58     2 
0340321838   40.69526   -105.85527     0.14      0.22     0.26     1 
0340321841   40.69602   -105.74449     0.07      0.05     0.09     1 
0340321842   40.69625   -105.70757     0.07     -0.09     0.12     1 
0340321843   40.69647   -105.67064    -0.16      0.28     0.33     1 
0340321844   40.69668   -105.63371    -0.15      0.30     0.34     1 
0340321845   40.69688   -105.59679    -0.13      0.10     0.17     1 
0340321846   40.69707   -105.55986    -0.08      0.09     0.12     1 
0340321847   40.69724   -105.52293    -0.20      0.15     0.25     1 
0340321848   40.69740   -105.48600    -0.35      0.01     0.35     1 
0340321849   40.69755   -105.44907    -0.40     -0.25     0.47     1 
0340321850   40.69769   -105.41214    -0.26     -0.17     0.31     1 
0340321851   40.69781   -105.37522    -0.29     -0.15     0.33     1 
0340321852   40.69793   -105.33829    -0.16     -0.11     0.19     1 
0340321853   40.69803   -105.30136    -0.06     -0.06     0.09     1 
0340321854   40.69812   -105.26443     0.09     -0.03     0.09     1 
0340321855   40.69820   -105.22750     0.07      0.03     0.07     1 
0340321856   40.69826   -105.19057     0.38     -0.08     0.39     1 
0340321857   40.69832   -105.15364    -0.00      0.11     0.11     1 
0340321860   40.69841   -105.04285     0.38      0.26     0.46     1 
0340321893   40.66257   -106.59303    -0.20     -0.28     0.34     1 
0340321895   40.66356   -106.51924    -0.17      0.24     0.30     1 
0340321898   40.66497   -106.40854    -0.14     -0.19     0.24     1 
0340321899   40.66541   -106.37164    -0.19     -0.20     0.28     1 
0340321900   40.66584   -106.33474     0.09     -0.42     0.43     1 
0340321901   40.66626   -106.29783     0.17     -0.24     0.29     1 
0340321913   40.67039   -105.85495     0.38      0.50     0.63     2 
0340321917   40.67139   -105.70730    -0.30      0.49     0.58     2 
0340321918   40.67161   -105.67039    -0.13      0.15     0.20     1 
0340321919   40.67182   -105.63348    -0.17      0.24     0.29     1 
0340321920   40.67202   -105.59656    -0.21      0.23     0.31     1 
0340321921   40.67220   -105.55965     0.01      0.10     0.10     1 
0340321922   40.67238   -105.52274    -0.14      0.04     0.15     1 
0340321923   40.67254   -105.48582    -0.24     -0.10     0.26     1 
0340321924   40.67269   -105.44891    -0.33     -0.11     0.34     1 
0340321925   40.67282   -105.41199    -0.26     -0.00     0.26     1 
0340321926   40.67295   -105.37508    -0.12      0.01     0.12     1 
0340321927   40.67306   -105.33816    -0.06      0.07     0.09     1 
0340321928   40.67317   -105.30125    -0.06     -0.08     0.10     1 
0340321929   40.67326   -105.26433     0.18     -0.12     0.22     1 
0340321932   40.67346   -105.15358     0.19      0.07     0.20     1 
0340321933   40.67350   -105.11666    -0.10     -0.19     0.22     1 
0340321934   40.67353   -105.07975     0.25     -0.03     0.25     1 
0340321935   40.67355   -105.04283    -0.15      0.01     0.16     1 
0340321962   40.63445   -106.81372     0.15      0.51     0.53     2 
0340321975   40.64099   -106.33424    -0.02     -0.20     0.21     1 
0340321988   40.64553   -105.85463     0.20      0.56     0.60     2 
0340321990   40.64605   -105.78084     0.08      0.45     0.45     1 
0340321995   40.64715   -105.59634    -0.19      0.25     0.31     1 
0340321996   40.64734   -105.55944     0.04     -0.03     0.05     1 
0340321997   40.64751   -105.52254    -0.06     -0.07     0.09     1 
0340321998   40.64767   -105.48564    -0.37     -0.09     0.38     1 
0340321999   40.64782   -105.44874    -0.14     -0.26     0.29     1 
0340322000   40.64796   -105.41184     0.04     -0.19     0.19     1 
0340322001   40.64809   -105.37494     0.06     -0.10     0.12     1 
0340322002   40.64820   -105.33804     0.14     -0.01     0.14     1 
0340322003   40.64830   -105.30113     0.43     -0.29     0.51     2 
0340322004   40.64839   -105.26423     0.29     -0.12     0.31     1 
0340322005   40.64847   -105.22733     0.16      0.08     0.18     1 
0340322007   40.64859   -105.15353    -0.10      0.31     0.33     1 
0340322008   40.64863   -105.11662    -0.56     -0.39     0.68     2 
0340322009   40.64867   -105.07972    -0.09     -0.23     0.24     1 
0340322012   40.64869   -104.96901     0.40      0.14     0.42     1 
0340322013   40.64867   -104.93211     0.26      0.10     0.28     1 
0340322036   40.60901   -106.84991     0.32      0.43     0.53     2 
0340322037   40.60960   -106.81305     0.09      0.34     0.35     1 
0340322063   40.62067   -105.85432    -0.30      0.53     0.61     2 
0340322064   40.62094   -105.81743     0.07      0.47     0.47     1 
0340322065   40.62119   -105.78055    -0.26      0.39     0.47     1 
0340322070   40.62229   -105.59612    -0.14      0.23     0.27     1 
0340322071   40.62248   -105.55924     0.10      0.08     0.13     1 
0340322072   40.62265   -105.52235     0.08      0.00     0.08     1 
0340322073   40.62281   -105.48546    -0.43      0.07     0.44     1 
0340322074   40.62296   -105.44857    -0.05     -0.33     0.33     1 
0340322075   40.62310   -105.41169     0.13     -0.21     0.25     1 
0340322076   40.62322   -105.37480     0.25     -0.13     0.28     1 
0340322077   40.62334   -105.33791     0.19     -0.17     0.25     1 
0340322078   40.62344   -105.30102     0.51     -0.35     0.62     2 
0340322079   40.62353   -105.26413     0.37     -0.26     0.45     1 
0340322080   40.62361   -105.22724     0.21     -0.03     0.21     1 
0340322083   40.62377   -105.11658     0.23      0.06     0.24     1 
0340322085   40.62382   -105.04280     0.38      0.55     0.67     2 
0340322087   40.62383   -104.96902     0.54      0.27     0.60     2 
0340322089   40.62378   -104.89525     0.12     -0.01     0.12     1 
0340322090   40.62374   -104.85836     0.01     -0.37     0.37     1 
0340322111   40.58416   -106.84922     0.22      0.24     0.33     1 
0340322112   40.58474   -106.81237     0.13      0.14     0.19     1 
0340322136   40.59524   -105.92774     0.47     -0.20     0.51     2 
0340322139   40.59607   -105.81713     0.30      0.34     0.45     1 
0340322145   40.59743   -105.59590    -0.09      0.25     0.26     1 
0340322146   40.59761   -105.55903     0.04      0.05     0.06     1 
0340322147   40.59779   -105.52215     0.02     -0.02     0.03     1 
0340322148   40.59795   -105.48528     0.07     -0.15     0.16     1 
0340322149   40.59810   -105.44841     0.11     -0.16     0.20     1 
0340322150   40.59823   -105.41153     0.19      0.09     0.21     1 
0340322151   40.59836   -105.37466     0.31      0.04     0.31     1 
0340322152   40.59847   -105.33778     0.16     -0.02     0.16     1 
0340322153   40.59857   -105.30091     0.22      0.01     0.22     1 
0340322154   40.59866   -105.26404     0.37     -0.09     0.38     1 
0340322155   40.59874   -105.22716     0.11      0.03     0.12     1 
0340322164   40.59892   -104.89528     0.13      0.44     0.46     1 
0340322165   40.59888   -104.85841     0.07      0.13     0.15     1 
0340322187   40.55989   -106.81170     0.04      0.13     0.14     1 
0340322188   40.56047   -106.77487     0.03     -0.03     0.04     1 
0340322189   40.56103   -106.73803     0.21     -0.14     0.26     1 
0340322191   40.56211   -106.66435    -0.37     -0.28     0.47     1 
0340322206   40.56875   -106.11166     0.15      0.45     0.48     1 
0340322207   40.56910   -106.07481     0.35      0.42     0.55     2 
0340322208   40.56944   -106.03796     0.47      0.48     0.67     2 
0340322209   40.56976   -106.00110     0.28      0.60     0.66     2 
0340322210   40.57008   -105.96425     0.27      0.53     0.60     2 
0340322213   40.57095   -105.85368    -0.12      0.39     0.41     1 
0340322214   40.57121   -105.81683     0.02      0.24     0.24     1 
0340322221   40.57275   -105.55882     0.08      0.12     0.14     1 
0340322222   40.57292   -105.52196     0.19     -0.10     0.22     1 
0340322223   40.57308   -105.48510     0.17     -0.14     0.22     1 
0340322224   40.57323   -105.44824     0.14     -0.05     0.15     1 
0340322225   40.57337   -105.41138     0.18      0.12     0.21     1 
0340322226   40.57349   -105.37452     0.22      0.07     0.23     1 
0340322227   40.57361   -105.33766     0.23     -0.03     0.23     1 
0340322228   40.57371   -105.30080     0.29      0.10     0.31     1 
0340322229   40.57380   -105.26394     0.45      0.01     0.45     1 
0340322230   40.57388   -105.22708     0.31      0.14     0.34     1 
0340322262   40.53504   -106.81103    -0.05      0.06     0.08     1 
0340322263   40.53561   -106.77421     0.00     -0.26     0.26     1 
0340322264   40.53617   -106.73739    -0.08      0.07     0.10     1 
0340322266   40.53726   -106.66374    -0.17     -0.53     0.55     2 
0340322267   40.53778   -106.62691    -0.07     -0.59     0.59     2 
0340322276   40.54197   -106.29543     0.15     -0.22     0.27     1 
0340322281   40.54389   -106.11125     0.21      0.28     0.35     1 
0340322288   40.54608   -105.85337    -0.28      0.37     0.47     1 
0340322295   40.54770   -105.59546    -0.34      0.38     0.52     2 
0340322296   40.54789   -105.55861     0.04      0.29     0.29     1 
0340322297   40.54806   -105.52177    -0.39      0.39     0.55     2 
0340322298   40.54822   -105.48492     0.11     -0.05     0.12     1 
0340322299   40.54837   -105.44808     0.04      0.02     0.05     1 
0340322300   40.54850   -105.41123     0.19      0.09     0.21     1 
0340322301   40.54863   -105.37438     0.14      0.05     0.15     1 
0340322302   40.54874   -105.33754     0.21     -0.07     0.22     1 
0340322303   40.54885   -105.30069     0.35      0.11     0.37     1 
0340322304   40.54894   -105.26384     0.55      0.02     0.55     2 
0340322305   40.54901   -105.22699     0.55      0.17     0.57     2 
0340322306   40.54908   -105.19015     0.35      0.04     0.35     1 
0340322337   40.51019   -106.81037    -0.12      0.08     0.15     1 
0340322338   40.51076   -106.77356    -0.13     -0.21     0.25     1 
0340322339   40.51132   -106.73675     0.03      0.08     0.09     1 
0340322340   40.51187   -106.69993    -0.09     -0.55     0.56     2 
0340322342   40.51293   -106.62631    -0.25     -0.63     0.68     2 
0340322359   40.52004   -106.00036     0.44      0.50     0.67     2 
0340322363   40.52122   -105.85305     0.02      0.48     0.48     1 
0340322364   40.52149   -105.81622     0.01      0.34     0.34     1 
0340322365   40.52174   -105.77939    -0.24      0.21     0.32     1 
0340322366   40.52199   -105.74256     0.01      0.17     0.17     1 
0340322374   40.52350   -105.44791     0.03      0.06     0.06     1 
0340322375   40.52364   -105.41108     0.18     -0.02     0.19     1 
0340322376   40.52377   -105.37424     0.12      0.03     0.12     1 
0340322377   40.52388   -105.33741     0.16      0.09     0.19     1 
0340322378   40.52398   -105.30058     0.21      0.30     0.37     1 
0340322379   40.52407   -105.26374     0.28      0.30     0.41     1 
0340322380   40.52415   -105.22691     0.40      0.22     0.46     1 
0340322381   40.52421   -105.19007     0.39      0.14     0.41     1 
0340322385   40.52436   -105.04274     0.26      0.27     0.38     1 
0340322391   40.52423   -104.82173    -0.29      0.27     0.40     1 
0340322413   40.48591   -106.77290    -0.32      0.13     0.34     1 
0340322414   40.48647   -106.73610     0.01      0.06     0.07     1 
0340322417   40.48807   -106.62571    -0.27     -0.57     0.63     2 
0340322419   40.48908   -106.55211    -0.46     -0.35     0.58     2 
0340322431   40.49417   -106.11043     0.42      0.49     0.64     2 
0340322434   40.49518   -105.99999     0.24      0.45     0.51     2 
0340322438   40.49636   -105.85274    -0.14      0.54     0.56     2 
0340322440   40.49688   -105.77911    -0.49      0.25     0.55     2 
0340322441   40.49712   -105.74229    -0.37      0.44     0.57     2 
0340322442   40.49735   -105.70547    -0.46      0.08     0.47     1 
0340322443   40.49757   -105.66866     0.31     -0.24     0.39     1 
0340322450   40.49878   -105.41093     0.03     -0.20     0.20     1 
0340322451   40.49890   -105.37411     0.15     -0.11     0.18     1 
0340322452   40.49901   -105.33729     0.33      0.05     0.33     1 
0340322454   40.49921   -105.26365     0.34      0.34     0.48     1 
0340322456   40.49935   -105.19000     0.63      0.04     0.63     2 
0340322464   40.49946   -104.89544     0.66      0.11     0.67     2 
0340322488   40.46105   -106.77225     0.07     -0.21     0.22     1 
0340322492   40.46322   -106.62511    -0.12     -0.56     0.57     2 
0340322495   40.46472   -106.51475    -0.14     -0.23     0.27     1 
0340322502   40.46780   -106.25720     0.13     -0.11     0.17     1 
0340322506   40.46931   -106.11002     0.53      0.38     0.66     2 
0340322515   40.47202   -105.77882    -0.33      0.15     0.36     1 
0340322516   40.47226   -105.74201     0.04      0.08     0.09     1 
0340322518   40.47271   -105.66841     0.36      0.27     0.45     1 
0340322523   40.47363   -105.48439     0.23     -0.37     0.44     1 
0340322525   40.47391   -105.41077     0.07     -0.25     0.26     1 
0340322526   40.47404   -105.37397     0.07     -0.31     0.32     1 
0340322527   40.47415   -105.33716     0.18     -0.01     0.18     1 
0340322528   40.47425   -105.30035     0.03      0.08     0.09     1 
0340322529   40.47434   -105.26355     0.26     -0.01     0.26     1 
0340322539   40.47460   -104.89548    -0.03      0.03     0.04     1 
0340322560   40.43446   -106.88190     0.06      0.32     0.33     1 
0340322562   40.43563   -106.80836     0.09      0.01     0.09     1 
0340322563   40.43620   -106.77160    -0.11     -0.22     0.25     1 
0340322575   40.44212   -106.33030     0.16     -0.16     0.23     1 
0340322576   40.44254   -106.29352     0.49     -0.36     0.61     2 
0340322577   40.44295   -106.25674     0.44     -0.04     0.44     1 
0340322581   40.44445   -106.10961     0.65      0.18     0.68     2 
0340322582   40.44480   -106.07283     0.47      0.43     0.64     2 
0340322589   40.44690   -105.81532    -0.46      0.24     0.52     2 
0340322591   40.44740   -105.74174    -0.45      0.34     0.56     2 
0340322597   40.44860   -105.52100    -0.11      0.04     0.11     1 
0340322598   40.44876   -105.48421     0.01      0.13     0.13     1 
0340322599   40.44891   -105.44742     0.07      0.07     0.10     1 
0340322600   40.44905   -105.41062     0.17     -0.02     0.18     1 
0340322601   40.44917   -105.37383     0.11      0.07     0.13     1 
0340322602   40.44929   -105.33704     0.30      0.15     0.33     1 
0340322603   40.44939   -105.30025     0.29      0.09     0.31     1 
0340322604   40.44948   -105.26345     0.15      0.03     0.15     1 
0340322609   40.44975   -105.07948     0.18      0.48     0.52     2 
0340322610   40.44977   -105.04269    -0.39     -0.10     0.41     1 
0340322637   40.41078   -106.80770     0.24      0.09     0.26     1 
0340322638   40.41135   -106.77094    -0.04     -0.29     0.29     1 
0340322639   40.41190   -106.73419     0.09     -0.65     0.66     2 
0340322642   40.41351   -106.62391    -0.16     -0.36     0.39     1 
0340322646   40.41548   -106.47687     0.10     -0.37     0.38     1 
0340322651   40.41768   -106.29305     0.03      0.30     0.30     1 
0340322655   40.41923   -106.14597     0.36      0.21     0.41     1 
0340322656   40.41959   -106.10920     0.51      0.18     0.54     2 
0340322657   40.41994   -106.07243     0.48      0.41     0.63     2 
0340322672   40.42374   -105.52081    -0.02     -0.00     0.02     1 
0340322673   40.42390   -105.48403     0.02     -0.12     0.12     1 
0340322674   40.42405   -105.44725     0.19     -0.22     0.29     1 
0340322675   40.42418   -105.41047    -0.02     -0.08     0.08     1 
0340322676   40.42431   -105.37369     0.03      0.05     0.06     1 
0340322677   40.42442   -105.33691     0.18      0.11     0.21     1 
0340322678   40.42452   -105.30013     0.17      0.31     0.35     1 
0340322679   40.42461   -105.26335     0.15      0.25     0.29     1 
0340322680   40.42469   -105.22657     0.13      0.11     0.17     1 
0340322684   40.42488   -105.07945     0.26     -0.07     0.27     1 
0340322685   40.42490   -105.04268     0.03     -0.07     0.07     1 
0340322712   40.38593   -106.80703     0.10      0.24     0.26     1 
0340322713   40.38649   -106.77029    -0.07     -0.22     0.23     1 
0340322714   40.38705   -106.73355     0.06     -0.54     0.54     2 
0340322715   40.38760   -106.69681     0.11     -0.37     0.39     1 
0340322716   40.38813   -106.66006     0.17     -0.36     0.40     1 
0340322717   40.38865   -106.62332    -0.09     -0.42     0.43     1 
0340322720   40.39015   -106.51308    -0.02     -0.57     0.57     2 
0340322721   40.39062   -106.47633    -0.00     -0.45     0.45     1 
0340322722   40.39108   -106.43958     0.17     -0.34     0.38     1 
0340322727   40.39323   -106.25581     0.32     -0.13     0.34     1 
0340322728   40.39362   -106.21906     0.44      0.12     0.46     1 
0340322730   40.39437   -106.14555     0.47      0.36     0.59     2 
0340322731   40.39473   -106.10879     0.12      0.36     0.38     1 
0340322738   40.39691   -105.85148     0.45     -0.04     0.45     1 
0340322743   40.39812   -105.66767    -0.51      0.22     0.56     2 
0340322744   40.39832   -105.63091    -0.13     -0.16     0.21     1 
0340322745   40.39852   -105.59414     0.09     -0.31     0.32     1 
0340322746   40.39870   -105.55738    -0.15     -0.15     0.21     1 
0340322747   40.39887   -105.52062    -0.12     -0.08     0.15     1 
0340322748   40.39903   -105.48385    -0.13     -0.09     0.16     1 
0340322749   40.39918   -105.44709    -0.12     -0.05     0.13     1 
0340322750   40.39932   -105.41032    -0.09     -0.12     0.15     1 
0340322751   40.39944   -105.37355     0.03     -0.07     0.08     1 
0340322752   40.39956   -105.33679     0.43     -0.25     0.49     1 
0340322753   40.39966   -105.30002     0.39     -0.07     0.39     1 
0340322754   40.39975   -105.26326     0.23     -0.01     0.23     1 
0340322755   40.39982   -105.22649     0.41     -0.16     0.45     1 
0340322759   40.40002   -105.07943     0.05      0.10     0.11     1 
0340322787   40.36107   -106.80637     0.00     -0.14     0.14     1 
0340322788   40.36164   -106.76964    -0.08     -0.20     0.21     1 
0340322789   40.36220   -106.73291    -0.01     -0.49     0.49     1 
0340322792   40.36380   -106.62272    -0.15     -0.52     0.54     2 
0340322794   40.36480   -106.54925    -0.06     -0.53     0.54     2 
0340322796   40.36576   -106.47578    -0.04     -0.44     0.44     1 
0340322797   40.36623   -106.43905     0.15     -0.50     0.53     2 
0340322803   40.36876   -106.21861     0.42      0.08     0.43     1 
0340322813   40.37205   -105.85117    -0.30      0.19     0.35     1 
0340322819   40.37346   -105.63067     0.12     -0.00     0.12     1 
0340322820   40.37366   -105.59392     0.17     -0.35     0.39     1 
0340322821   40.37384   -105.55718    -0.05     -0.26     0.27     1 
0340322822   40.37401   -105.52042    -0.14     -0.25     0.29     1 
0340322823   40.37417   -105.48367    -0.23     -0.10     0.25     1 
0340322824   40.37432   -105.44692     0.04     -0.11     0.11     1 
0340322825   40.37445   -105.41017     0.14     -0.11     0.18     1 
0340322826   40.37458   -105.37342     0.26     -0.13     0.29     1 
0340322827   40.37469   -105.33666     0.20     -0.13     0.24     1 
0340322828   40.37479   -105.29991     0.11      0.07     0.13     1 
0340322829   40.37488   -105.26316     0.17      0.10     0.19     1 
0340322830   40.37496   -105.22641     0.27     -0.11     0.29     1 
0340322831   40.37503   -105.18966     0.48     -0.19     0.51     2 
0340322832   40.37508   -105.15290    -0.23      0.23     0.33     1 
0340322862   40.33622   -106.80571     0.32     -0.04     0.32     1 
0340322863   40.33679   -106.76899    -0.05     -0.28     0.28     1 
0340322866   40.33842   -106.65884     0.10     -0.51     0.52     2 
0340322867   40.33894   -106.62212    -0.11     -0.41     0.42     1 
0340322868   40.33945   -106.58540    -0.24     -0.57     0.62     2 
0340322871   40.34091   -106.47524     0.01     -0.39     0.39     1 
0340322872   40.34137   -106.43852    -0.03     -0.37     0.37     1 
0340322888   40.34719   -105.85085    -0.11      0.01     0.11     1 
0340322894   40.34860   -105.63044     0.32     -0.01     0.32     1 
0340322895   40.34879   -105.59371     0.16     -0.38     0.41     1 
0340322896   40.34897   -105.55697    -0.11     -0.29     0.32     1 
0340322897   40.34915   -105.52023    -0.16     -0.31     0.35     1 
0340322898   40.34931   -105.48350     0.03     -0.35     0.35     1 
0340322901   40.34971   -105.37328     0.22     -0.04     0.23     1 
0340322902   40.34983   -105.33654     0.11      0.10     0.15     1 
0340322903   40.34993   -105.29980     0.27      0.12     0.29     1 
0340322904   40.35002   -105.26306     0.29      0.17     0.34     1 
0340322907   40.35021   -105.15285     0.19     -0.08     0.21     1 
0340322937   40.31137   -106.80504    -0.07     -0.16     0.17     1 
0340322938   40.31193   -106.76834    -0.14     -0.39     0.42     1 
0340322941   40.31356   -106.65823    -0.14     -0.49     0.51     2 
0340322946   40.31605   -106.47470     0.02     -0.30     0.30     1 
0340322947   40.31651   -106.43799    -0.13     -0.40     0.42     1 
0340322963   40.32232   -105.85054    -0.21      0.03     0.22     1 
0340322964   40.32259   -105.81382    -0.57      0.19     0.60     2 
0340322969   40.32373   -105.63021     0.01     -0.12     0.12     1 
0340322970   40.32393   -105.59349    -0.19     -0.15     0.24     1 
0340322971   40.32411   -105.55676    -0.28     -0.13     0.30     1 
0340322972   40.32428   -105.52004     0.11     -0.02     0.11     1 
0340322973   40.32444   -105.48332     0.16     -0.32     0.35     1 
0340322974   40.32459   -105.44659     0.36     -0.40     0.54     2 
0340322976   40.32485   -105.37314     0.09      0.13     0.16     1 
0340322977   40.32496   -105.33642     0.15      0.14     0.20     1 
0340322978   40.32506   -105.29969     0.22      0.08     0.23     1 
0340322979   40.32515   -105.26297     0.31     -0.04     0.31     1 
0340322982   40.32535   -105.15279     0.03      0.14     0.14     1 
0340322983   40.32539   -105.11606     0.16      0.10     0.19     1 
0340322984   40.32542   -105.07934     0.14      0.31     0.34     1 
0340322985   40.32544   -105.04261    -0.07      0.18     0.19     1 
0340323012   40.28651   -106.80438    -0.08     -0.18     0.20     1 
0340323013   40.28708   -106.76769    -0.00     -0.56     0.56     2 
0340323016   40.28871   -106.65763     0.04     -0.40     0.40     1 
0340323017   40.28923   -106.62094    -0.14     -0.66     0.67     2 
0340323023   40.29210   -106.40077    -0.03     -0.18     0.18     1 
0340323032   40.29563   -106.07046     0.50      0.41     0.65     2 
0340323038   40.29746   -105.85023    -0.20      0.15     0.25     1 
0340323044   40.29887   -105.62998    -0.35      0.16     0.39     1 
0340323045   40.29906   -105.59327    -0.45      0.15     0.47     1 
0340323046   40.29925   -105.55656    -0.12     -0.07     0.14     1 
0340323047   40.29942   -105.51985    -0.13      0.05     0.14     1 
0340323048   40.29958   -105.48314     0.13     -0.37     0.39     1 
0340323049   40.29972   -105.44643     0.26     -0.27     0.37     1 
0340323050   40.29986   -105.40972     0.29     -0.21     0.35     1 
0340323051   40.29998   -105.37301     0.07      0.10     0.12     1 
0340323052   40.30009   -105.33630     0.11      0.17     0.20     1 
0340323053   40.30020   -105.29958     0.18     -0.00     0.18     1 
0340323056   40.30043   -105.18945     0.02      0.26     0.26     1 
0340323087   40.26166   -106.80372    -0.13     -0.34     0.36     1 
0340323088   40.26223   -106.76705    -0.20     -0.39     0.44     1 
0340323091   40.26385   -106.65702     0.18     -0.34     0.38     1 
0340323092   40.26437   -106.62034    -0.03     -0.60     0.60     2 
0340323093   40.26488   -106.58366    -0.05     -0.56     0.56     2 
0340323103   40.26932   -106.21683     0.54      0.04     0.54     2 
0340323106   40.27043   -106.10676     0.40      0.32     0.51     2 
0340323112   40.27232   -105.88661    -0.14     -0.04     0.15     1 
0340323113   40.27260   -105.84992    -0.32      0.11     0.34     1 
0340323114   40.27286   -105.81323     0.02      0.27     0.27     1 
0340323115   40.27311   -105.77653    -0.39      0.33     0.51     2 
0340323117   40.27358   -105.70314     0.02      0.08     0.08     1 
0340323119   40.27401   -105.62975     0.14      0.48     0.50     1 
0340323120   40.27420   -105.59305    -0.34      0.38     0.51     2 
0340323121   40.27438   -105.55636    -0.02     -0.07     0.07     1 
0340323123   40.27471   -105.48296     0.28     -0.11     0.30     1 
0340323124   40.27486   -105.44627     0.26     -0.23     0.34     1 
0340323125   40.27499   -105.40957     0.08      0.00     0.08     1 
0340323126   40.27512   -105.37287     0.28      0.03     0.28     1 
0340323127   40.27523   -105.33617     0.25      0.12     0.28     1 
0340323128   40.27533   -105.29947     0.10     -0.05     0.12     1 
0340323129   40.27542   -105.26278     0.37     -0.18     0.41     1 
0340323130   40.27550   -105.22608     0.20     -0.06     0.20     1 
0340323161   40.23623   -106.83972     0.21     -0.46     0.51     2 
0340323162   40.23680   -106.80306     0.07     -0.41     0.41     1 
0340323163   40.23737   -106.76640    -0.15     -0.48     0.50     2 
0340323167   40.23952   -106.61975    -0.12     -0.61     0.62     2 
0340323175   40.24325   -106.32640     0.50      0.01     0.50     1 
0340323176   40.24367   -106.28973     0.33      0.03     0.33     1 
0340323178   40.24446   -106.21638     0.46      0.15     0.48     1 
0340323180   40.24521   -106.14303     0.48      0.31     0.57     2 
0340323181   40.24556   -106.10636     0.46      0.36     0.58     2 
0340323182   40.24591   -106.06968     0.43      0.13     0.45     1 
0340323187   40.24746   -105.88629    -0.06     -0.01     0.06     1 
0340323188   40.24773   -105.84961    -0.22      0.04     0.23     1 
0340323189   40.24800   -105.81293    -0.33      0.20     0.39     1 
0340323191   40.24849   -105.73957     0.35     -0.25     0.43     1 
0340323192   40.24872   -105.70288     0.08      0.27     0.28     1 
0340323196   40.24952   -105.55615    -0.12     -0.00     0.12     1 
0340323198   40.24985   -105.48279     0.29      0.25     0.38     1 
0340323199   40.24999   -105.44610     0.24      0.10     0.26     1 
0340323200   40.25013   -105.40942     0.07      0.14     0.16     1 
0340323201   40.25025   -105.37273    -0.02      0.31     0.31     1 
0340323202   40.25037   -105.33605     0.26     -0.01     0.26     1 
0340323203   40.25046   -105.29936     0.17      0.04     0.17     1 
0340323204   40.25055   -105.26268     0.12     -0.10     0.16     1 
0340323208   40.25079   -105.11594     0.15     -0.11     0.18     1 
0340323236   40.21137   -106.83905     0.09     -0.45     0.46     1 
0340323237   40.21195   -106.80240    -0.05     -0.49     0.50     1 
0340323242   40.21466   -106.61916    -0.07     -0.53     0.53     2 
0340323243   40.21517   -106.58250    -0.03     -0.61     0.61     2 
0340323251   40.21881   -106.28926     0.31      0.23     0.38     1 
0340323252   40.21921   -106.25260     0.50     -0.03     0.50     2 
0340323253   40.21960   -106.21594     0.38      0.17     0.42     1 
0340323255   40.22035   -106.14261     0.22      0.61     0.65     2 
0340323260   40.22201   -105.95929     0.14      0.34     0.37     1 
0340323261   40.22231   -105.92263     0.02      0.12     0.12     1 
0340323262   40.22260   -105.88596    -0.06     -0.00     0.06     1 
0340323263   40.22287   -105.84930    -0.33      0.07     0.33     1 
0340323264   40.22313   -105.81263     0.11     -0.39     0.41     1 
0340323267   40.22385   -105.70263     0.04      0.32     0.32     1 
0340323270   40.22447   -105.59262    -0.26     -0.10     0.28     1 
0340323271   40.22465   -105.55595    -0.17     -0.08     0.19     1 
0340323272   40.22482   -105.51928     0.18     -0.12     0.22     1 
0340323273   40.22498   -105.48261     0.19     -0.17     0.25     1 
0340323274   40.22513   -105.44594     0.18     -0.11     0.21     1 
0340323275   40.22526   -105.40927     0.12      0.02     0.12     1 
0340323276   40.22539   -105.37260    -0.17      0.24     0.29     1 
0340323277   40.22550   -105.33593     0.13      0.23     0.27     1 
0340323278   40.22560   -105.29925     0.42      0.30     0.51     2 
0340323283   40.22593   -105.11589    -0.04     -0.04     0.05     1 
0340323287   40.22598   -104.96921    -0.30     -0.09     0.32     1 
0340323311   40.18652   -106.83838     0.21     -0.53     0.57     2 
0340323312   40.18710   -106.80174     0.03     -0.64     0.64     2 
0340323318   40.19031   -106.58193     0.07     -0.64     0.64     2 
0340323326   40.19395   -106.28879     0.21      0.29     0.36     1 
0340323327   40.19435   -106.25214     0.43      0.03     0.43     1 
0340323328   40.19474   -106.21549     0.44      0.17     0.48     1 
0340323333   40.19652   -106.03225     0.63      0.06     0.63     2 
0340323334   40.19684   -105.99560    -0.03      0.58     0.58     2 
0340323335   40.19715   -105.95894     0.25      0.34     0.42     1 
0340323336   40.19745   -105.92229     0.10      0.28     0.30     1 
0340323337   40.19773   -105.88564    -0.50     -0.13     0.52     2 
0340323338   40.19801   -105.84899    -0.60      0.19     0.63     2 
0340323345   40.19960   -105.59240    -0.20     -0.23     0.31     1 
0340323346   40.19979   -105.55575    -0.13     -0.20     0.24     1 
0340323347   40.19996   -105.51909     0.09     -0.13     0.16     1 
0340323348   40.20011   -105.48243     0.03     -0.08     0.09     1 
0340323349   40.20026   -105.44578     0.11     -0.03     0.11     1 
0340323350   40.20040   -105.40912     0.03      0.12     0.13     1 
0340323351   40.20052   -105.37246     0.04      0.13     0.14     1 
0340323352   40.20063   -105.33580     0.20      0.07     0.21     1 
0340323353   40.20073   -105.29914     0.26      0.05     0.27     1 
0340323357   40.20102   -105.15251    -0.09      0.41     0.42     1 
0340323361   40.20112   -105.00588    -0.41      0.07     0.42     1 
0340323362   40.20112   -104.96922    -0.47      0.02     0.47     1 
0340323386   40.16167   -106.83771     0.08     -0.52     0.53     2 
0340323387   40.16224   -106.80109    -0.18     -0.57     0.60     2 
0340323388   40.16281   -106.76447    -0.13     -0.56     0.58     2 
0340323389   40.16336   -106.72784     0.02     -0.63     0.63     2 
0340323393   40.16545   -106.58135     0.26     -0.50     0.56     2 
0340323394   40.16595   -106.54472    -0.09     -0.47     0.48     1 
0340323402   40.16949   -106.25168     0.53      0.43     0.68     2 
0340323409   40.17198   -105.99523     0.47      0.38     0.60     2 
0340323410   40.17229   -105.95860     0.27      0.14     0.31     1 
0340323411   40.17258   -105.92196     0.26      0.09     0.28     1 
0340323414   40.17341   -105.81204    -0.50      0.01     0.50     2 
0340323421   40.17492   -105.55554    -0.00      0.05     0.05     1 
0340323422   40.17509   -105.51890     0.00     -0.22     0.22     1 
0340323423   40.17525   -105.48226     0.16     -0.17     0.24     1 
0340323424   40.17540   -105.44561     0.25     -0.09     0.27     1 
0340323425   40.17553   -105.40897     0.23      0.08     0.25     1 
0340323426   40.17565   -105.37233     0.17      0.14     0.22     1 
0340323427   40.17577   -105.33568     0.09     -0.01     0.09     1 
0340323428   40.17587   -105.29904     0.27     -0.02     0.27     1 
0340323432   40.17615   -105.15246    -0.03      0.11     0.12     1 
0340323435   40.17625   -105.04252    -0.26      0.47     0.54     2 
0340323464   40.13851   -106.72721    -0.10     -0.52     0.53     2 
0340323469   40.14109   -106.54416     0.22     -0.54     0.58     2 
0340323471   40.14205   -106.47093     0.13     -0.03     0.14     1 
0340323483   40.14679   -106.03149     0.14      0.51     0.53     2 
0340323484   40.14711   -105.99487     0.14      0.56     0.58     2 
0340323485   40.14742   -105.95825    -0.40      0.42     0.58     2 
0340323486   40.14772   -105.92162    -0.00      0.07     0.07     1 
0340323487   40.14801   -105.88499     0.12     -0.13     0.18     1 
0340323488   40.14828   -105.84837    -0.39     -0.09     0.40     1 
0340323495   40.14988   -105.59197    -0.39      0.02     0.39     1 
0340323496   40.15006   -105.55534    -0.07      0.03     0.08     1 
0340323497   40.15023   -105.51871     0.27     -0.28     0.39     1 
0340323498   40.15038   -105.48208     0.19     -0.15     0.24     1 
0340323499   40.15053   -105.44545     0.17     -0.16     0.23     1 
0340323500   40.15067   -105.40882     0.20     -0.14     0.25     1 
0340323501   40.15079   -105.37219     0.24     -0.10     0.26     1 
0340323502   40.15090   -105.33556     0.15     -0.17     0.23     1 
0340323503   40.15100   -105.29893     0.22     -0.14     0.26     1 
0340323531   40.10891   -107.01931     0.49      0.13     0.51     2 
0340323555   40.12090   -106.14095     0.32      0.57     0.65     2 
0340323562   40.12314   -105.88467     0.19     -0.02     0.19     1 
0340323563   40.12342   -105.84806     0.22      0.19     0.29     1 
0340323564   40.12368   -105.81145     0.22      0.07     0.23     1 
0340323568   40.12461   -105.66499    -0.21     -0.14     0.26     1 
0340323569   40.12482   -105.62837     0.03     -0.59     0.60     2 
0340323570   40.12501   -105.59176    -0.35      0.12     0.37     1 
0340323571   40.12519   -105.55514    -0.08     -0.10     0.13     1 
0340323572   40.12536   -105.51852     0.21     -0.31     0.38     1 
0340323573   40.12552   -105.48191     0.23     -0.05     0.24     1 
0340323574   40.12566   -105.44529     0.23     -0.02     0.23     1 
0340323575   40.12580   -105.40867     0.21     -0.00     0.21     1 
0340323576   40.12592   -105.37205     0.10      0.07     0.12     1 
0340323577   40.12604   -105.33544     0.06      0.11     0.13     1 
0340323578   40.12614   -105.29882     0.35      0.01     0.35     1 
0340323606   40.08406   -107.01858     0.43      0.01     0.43     1 
0340323607   40.08470   -106.98201     0.38     -0.05     0.38     1 
0340323619   40.09138   -106.54304    -0.02     -0.59     0.59     2 
0340323624   40.09367   -106.36009    -0.09     -0.06     0.11     1 
0340323627   40.09491   -106.25031    -0.14      0.18     0.23     1 
0340323630   40.09604   -106.14053     0.48      0.40     0.63     2 
0340323632   40.09674   -106.06734     0.35      0.40     0.53     2 
0340323633   40.09707   -106.03074     0.49      0.31     0.58     2 
0340323634   40.09739   -105.99415    -0.05      0.62     0.62     2 
0340323638   40.09855   -105.84775     0.13      0.08     0.15     1 
0340323639   40.09882   -105.81115    -0.03      0.17     0.17     1 
0340323643   40.09975   -105.66474     0.11      0.04     0.12     1 
0340323644   40.09995   -105.62814    -0.02     -0.23     0.23     1 
0340323647   40.10050   -105.51833    -0.06     -0.30     0.31     1 
0340323648   40.10065   -105.48173     0.11     -0.12     0.16     1 
0340323649   40.10080   -105.44513     0.17     -0.07     0.18     1 
0340323650   40.10093   -105.40852     0.19      0.04     0.20     1 
0340323651   40.10106   -105.37192     0.10      0.08     0.13     1 
0340323652   40.10117   -105.33531     0.20      0.06     0.21     1 
0340323681   40.05921   -107.01785     0.36      0.16     0.39     1 
0340323682   40.05984   -106.98128     0.43     -0.18     0.46     1 
0340323695   40.06700   -106.50590     0.33     -0.18     0.38     1 
0340323706   40.07153   -106.10353     0.08     -0.16     0.18     1 
0340323707   40.07187   -106.06695     0.38      0.24     0.45     1 
0340323709   40.07252   -105.99378     0.11      0.46     0.47     1 
0340323712   40.07341   -105.88403    -0.03      0.30     0.30     1 
0340323713   40.07369   -105.84744     0.03      0.01     0.03     1 
0340323714   40.07395   -105.81086    -0.16      0.07     0.18     1 
0340323718   40.07488   -105.66450     0.27      0.09     0.29     1 
0340323721   40.07546   -105.55473    -0.21      0.07     0.22     1 
0340323722   40.07563   -105.51815     0.00     -0.25     0.25     1 
0340323723   40.07579   -105.48156     0.11     -0.10     0.15     1 
0340323724   40.07593   -105.44496     0.17      0.03     0.17     1 
0340323725   40.07607   -105.40837     0.19      0.10     0.21     1 
0340323726   40.07619   -105.37178    -0.05      0.15     0.16     1 
0340323727   40.07630   -105.33519     0.26     -0.14     0.30     1 
0340323756   40.03436   -107.01711     0.36      0.07     0.36     1 
0340323757   40.03499   -106.98056     0.41     -0.26     0.48     1 
0340323768   40.04117   -106.57847     0.12     -0.62     0.63     2 
0340323770   40.04214   -106.50535     0.10     -0.33     0.35     1 
0340323771   40.04261   -106.46879     0.37     -0.50     0.62     2 
0340323778   40.04557   -106.21284     0.46      0.09     0.47     1 
0340323781   40.04667   -106.10313     0.28      0.40     0.49     1 
0340323782   40.04701   -106.06656     0.34      0.13     0.37     1 
0340323783   40.04734   -106.02999     0.26      0.28     0.38     1 
0340323786   40.04827   -105.92028     0.11      0.24     0.26     1 
0340323787   40.04855   -105.88371    -0.09      0.18     0.20     1 
0340323788   40.04882   -105.84713     0.05      0.05     0.07     1 
0340323797   40.05076   -105.51796     0.21     -0.01     0.21     1 
0340323798   40.05092   -105.48138     0.22     -0.04     0.22     1 
0340323802   40.05144   -105.33507     0.22      0.09     0.24     1 
0340323831   40.00951   -107.01638     0.01      0.16     0.16     1 
0340323832   40.01014   -106.97985     0.18     -0.17     0.25     1 
0340323840   40.01477   -106.68753    -0.20     -0.64     0.67     2 
0340323843   40.01631   -106.57790    -0.15     -0.54     0.56     2 
0340323844   40.01680   -106.54135    -0.12     -0.38     0.40     1 
0340323846   40.01775   -106.46826     0.07     -0.55     0.55     2 
0340323853   40.02071   -106.21240    -0.08      0.34     0.35     1 
0340323856   40.02181   -106.10273     0.23      0.49     0.54     2 
0340323857   40.02215   -106.06618     0.30      0.15     0.34     1 
0340323858   40.02248   -106.02962     0.26      0.35     0.44     1 
0340323861   40.02340   -105.91994     0.04      0.20     0.20     1 
0340323862   40.02369   -105.88339    -0.08      0.24     0.26     1 
0340323863   40.02396   -105.84683    -0.20      0.14     0.24     1 
0340323865   40.02447   -105.77371     0.17     -0.06     0.18     1 
0340323873   40.02605   -105.48121     0.18     -0.03     0.18     1 
0340323874   40.02620   -105.44464     0.26      0.07     0.27     1 
0340323875   40.02634   -105.40808     0.15      0.27     0.31     1 
0340323876   40.02646   -105.37151     0.24     -0.04     0.25     1 
0340323877   40.02657   -105.33495     0.23      0.13     0.27     1 
0340323881   40.02690   -105.18869     0.02      0.08     0.08     1 
0340323906   39.98466   -107.01565     0.18     -0.04     0.19     1 
0340323907   39.98529   -106.97913     0.29     -0.41     0.51     2 
0340323909   39.98651   -106.90608     0.02     -0.53     0.53     2 
0340323918   39.99145   -106.57733    -0.16     -0.48     0.51     2 
0340323920   39.99242   -106.50426    -0.01     -0.35     0.35     1 
0340323921   39.99289   -106.46773     0.30     -0.54     0.62     2 
0340323932   39.99729   -106.06579     0.07      0.46     0.46     1 
0340323933   39.99762   -106.02925     0.07      0.27     0.28     1 
0340323934   39.99794   -105.99270     0.18      0.22     0.28     1 
0340323935   39.99824   -105.95616     0.17      0.06     0.18     1 
0340323936   39.99854   -105.91961    -0.01      0.21     0.21     1 
0340323937   39.99882   -105.88307    -0.00      0.05     0.05     1 
0340323938   39.99910   -105.84652    -0.07      0.08     0.11     1 
0340323939   39.99936   -105.80997     0.00      0.02     0.02     1 
0340323940   39.99961   -105.77342     0.17     -0.14     0.22     1 
0340323946   40.00086   -105.55413     0.09     -0.23     0.24     1 
0340323947   40.00103   -105.51758     0.24     -0.15     0.28     1 
0340323948   40.00119   -105.48103     0.33     -0.17     0.37     1 
0340323949   40.00133   -105.44448     0.07      0.04     0.08     1 
0340323950   40.00147   -105.40793    -0.06      0.10     0.12     1 
0340323952   40.00170   -105.33483     0.15      0.15     0.22     1 
0340323953   40.00180   -105.29828     0.36      0.43     0.56     2 
0340323955   40.00197   -105.22517    -0.04     -0.03     0.04     1 
0340323956   40.00203   -105.18862    -0.05      0.03     0.05     1 
0340323962   40.00218   -104.96931    -0.42     -0.34     0.55     2 
0340323994   39.96709   -106.54024    -0.32     -0.43     0.54     2 
0340323995   39.96757   -106.50371     0.12     -0.51     0.52     2 
0340323997   39.96849   -106.43067     0.46     -0.19     0.50     2 
0340324006   39.97208   -106.10193     0.34      0.26     0.43     1 
0340324007   39.97242   -106.06540     0.09      0.35     0.36     1 
0340324008   39.97275   -106.02887     0.20      0.01     0.20     1 
0340324010   39.97338   -105.95581     0.09      0.11     0.15     1 
0340324011   39.97368   -105.91928     0.03      0.43     0.43     1 
0340324012   39.97396   -105.88274    -0.00      0.03     0.03     1 
0340324013   39.97423   -105.84621    -0.19     -0.08     0.21     1 
0340324014   39.97449   -105.80968    -0.29      0.13     0.32     1 
0340324015   39.97474   -105.77314    -0.12      0.10     0.15     1 
0340324016   39.97498   -105.73661     0.26     -0.19     0.33     1 
0340324021   39.97600   -105.55393     0.08     -0.34     0.35     1 
0340324024   39.97647   -105.44432     0.21     -0.10     0.23     1 
0340324025   39.97660   -105.40778     0.26     -0.22     0.34     1 
0340324026   39.97673   -105.37124     0.49     -0.19     0.52     2 
0340324027   39.97684   -105.33470     0.17      0.37     0.41     1 
0340324028   39.97694   -105.29817     0.42      0.38     0.57     2 
0340324062   39.93855   -106.79521    -0.26     -0.42     0.49     1 
0340324064   39.93966   -106.72220    -0.26     -0.50     0.56     2 
0340324068   39.94174   -106.57618    -0.11     -0.62     0.63     2 
0340324069   39.94223   -106.53968    -0.04     -0.67     0.67     2 
0340324070   39.94271   -106.50317     0.27     -0.14     0.30     1 
0340324080   39.94687   -106.13805     0.22      0.50     0.54     2 
0340324083   39.94789   -106.02850     0.23     -0.18     0.30     1 
0340324084   39.94821   -105.99198    -0.03      0.13     0.13     1 
0340324085   39.94852   -105.95546    -0.11      0.14     0.18     1 
0340324086   39.94881   -105.91894     0.01      0.20     0.21     1 
0340324087   39.94909   -105.88242     0.05     -0.02     0.06     1 
0340324088   39.94937   -105.84591    -0.12     -0.10     0.16     1 
0340324089   39.94963   -105.80939    -0.15     -0.14     0.20     1 
0340324090   39.94988   -105.77286    -0.06      0.05     0.08     1 
0340324096   39.95113   -105.55373     0.08     -0.28     0.29     1 
0340324099   39.95160   -105.44416     0.26     -0.06     0.27     1 
0340324100   39.95174   -105.40763     0.20     -0.14     0.25     1 
0340324101   39.95186   -105.37111    -0.17      0.03     0.17     1 
0340324102   39.95197   -105.33458     0.15      0.42     0.45     1 
0340324103   39.95207   -105.29806     0.23      0.28     0.36     1 
0340324105   39.95224   -105.22501     0.58     -0.01     0.58     2 
0340324137   39.91370   -106.79456    -0.07     -0.59     0.59     2 
0340324139   39.91480   -106.72158    -0.26     -0.57     0.62     2 
0340324140   39.91534   -106.68509    -0.06     -0.46     0.47     1 
0340324143   39.91688   -106.57561    -0.39     -0.37     0.54     2 
0340324147   39.91877   -106.42964     0.26      0.03     0.26     1 
0340324152   39.92088   -106.24714     0.05      0.56     0.56     2 
0340324155   39.92200   -106.13764     0.15      0.30     0.34     1 
0340324156   39.92236   -106.10113     0.38      0.07     0.39     1 
0340324159   39.92334   -105.99162    -0.06     -0.20     0.21     1 
0340324161   39.92395   -105.91861    -0.24      0.38     0.45     1 
0340324162   39.92423   -105.88211    -0.08      0.10     0.13     1 
0340324163   39.92450   -105.84560    -0.32     -0.05     0.32     1 
0340324164   39.92476   -105.80909    -0.14     -0.12     0.19     1 
0340324165   39.92501   -105.77258     0.03     -0.14     0.14     1 
0340324172   39.92643   -105.51702     0.10      0.07     0.12     1 
0340324173   39.92659   -105.48051     0.24     -0.11     0.26     1 
0340324174   39.92674   -105.44400     0.19      0.02     0.20     1 
0340324175   39.92687   -105.40749     0.12     -0.03     0.13     1 
0340324176   39.92699   -105.37097     0.03      0.05     0.06     1 
0340324177   39.92710   -105.33446     0.17      0.22     0.28     1 
0340324178   39.92720   -105.29795     0.17      0.29     0.34     1 
0340324211   39.88827   -106.83038    -0.23     -0.58     0.62     2 
0340324212   39.88884   -106.79391    -0.32     -0.58     0.66     2 
0340324214   39.88995   -106.72096    -0.36     -0.35     0.50     2 
0340324215   39.89048   -106.68448    -0.02     -0.45     0.45     1 
0340324220   39.89299   -106.50208     0.44     -0.28     0.52     2 
0340324221   39.89346   -106.46560     0.04     -0.23     0.24     1 
0340324223   39.89436   -106.39263     0.38     -0.35     0.51     2 
0340324224   39.89479   -106.35615     0.57     -0.13     0.58     2 
0340324225   39.89521   -106.31967    -0.67     -0.04     0.67     2 
0340324228   39.89640   -106.21020     0.17      0.41     0.45     1 
0340324229   39.89678   -106.17372     0.14      0.11     0.17     1 
0340324230   39.89714   -106.13723     0.04      0.29     0.29     1 
0340324231   39.89749   -106.10074     0.10      0.18     0.20     1 
0340324232   39.89784   -106.06425    -0.11      0.39     0.40     1 
0340324237   39.89937   -105.88179    -0.18      0.21     0.28     1 
0340324238   39.89964   -105.84529    -0.27     -0.03     0.27     1 
0340324239   39.89990   -105.80880    -0.20     -0.01     0.20     1 
0340324240   39.90015   -105.77231    -0.13     -0.16     0.21     1 
0340324246   39.90140   -105.55333    -0.12     -0.01     0.12     1 
0340324247   39.90157   -105.51683     0.15     -0.14     0.21     1 
0340324248   39.90172   -105.48033     0.30     -0.08     0.31     1 
0340324249   39.90187   -105.44384     0.32     -0.03     0.32     1 
0340324250   39.90200   -105.40734     0.10      0.08     0.12     1 
0340324251   39.90212   -105.37084     0.19      0.18     0.26     1 
0340324252   39.90224   -105.33434     0.31      0.29     0.42     1 
0340324253   39.90234   -105.29784     0.23      0.41     0.47     1 
0340324257   39.90262   -105.15185    -0.04     -0.19     0.20     1 
0340324281   39.86040   -107.01201     0.05      0.26     0.27     1 
0340324286   39.86342   -106.82972    -0.46     -0.26     0.52     2 
0340324287   39.86399   -106.79326    -0.09     -0.66     0.67     2 
0340324290   39.86563   -106.68387    -0.39     -0.31     0.50     1 
0340324291   39.86615   -106.64741    -0.38     -0.33     0.50     2 
0340324293   39.86716   -106.57448     0.07     -0.24     0.25     1 
0340324294   39.86765   -106.53801     0.02     -0.04     0.05     1 
0340324295   39.86813   -106.50154     0.14     -0.25     0.28     1 
0340324296   39.86860   -106.46507     0.18     -0.41     0.45     1 
0340324297   39.86905   -106.42860    -0.19      0.15     0.24     1 
0340324298   39.86950   -106.39213     0.17      0.09     0.20     1 
0340324299   39.86993   -106.35566     0.22     -0.11     0.25     1 
0340324300   39.87035   -106.31919     0.12     -0.08     0.14     1 
0340324301   39.87076   -106.28271     0.00      0.65     0.65     2 
0340324302   39.87116   -106.24624    -0.02      0.51     0.51     2 
0340324303   39.87154   -106.20977    -0.03      0.62     0.62     2 
0340324304   39.87192   -106.17329    -0.13      0.48     0.50     1 
0340324305   39.87228   -106.13682     0.16      0.13     0.21     1 
0340324307   39.87297   -106.06386     0.09      0.02     0.09     1 
0340324314   39.87503   -105.80851    -0.14     -0.06     0.15     1 
0340324315   39.87528   -105.77203    -0.29     -0.26     0.38     1 
0340324316   39.87552   -105.73554    -0.05     -0.40     0.40     1 
0340324319   39.87616   -105.62610     0.14      0.02     0.14     1 
0340324320   39.87635   -105.58961    -0.06     -0.02     0.06     1 
0340324321   39.87653   -105.55313    -0.05     -0.17     0.18     1 
0340324322   39.87670   -105.51664     0.07     -0.05     0.09     1 
0340324323   39.87686   -105.48016     0.27     -0.05     0.27     1 
0340324324   39.87700   -105.44368     0.21     -0.11     0.23     1 
0340324325   39.87714   -105.40719     0.28      0.03     0.28     1 
0340324326   39.87726   -105.37071     0.32      0.07     0.33     1 
0340324327   39.87737   -105.33422     0.39      0.26     0.47     1 
0340324328   39.87747   -105.29774     0.38      0.11     0.40     1 
0340324330   39.87763   -105.22476     0.17      0.22     0.28     1 
0340324332   39.87775   -105.15179    -0.23     -0.04     0.23     1 
0340324354   39.83426   -107.08416     0.52      0.23     0.57     2 
0340324356   39.83555   -107.01128    -0.09     -0.03     0.09     1 
0340324357   39.83617   -106.97484     0.11     -0.52     0.53     2 
0340324358   39.83679   -106.93840    -0.09     -0.33     0.35     1 
0340324368   39.84231   -106.57391    -0.08     -0.26     0.28     1 
0340324369   39.84279   -106.53745    -0.18     -0.09     0.20     1 
0340324370   39.84327   -106.50100     0.11     -0.06     0.13     1 
0340324371   39.84374   -106.46454     0.20     -0.11     0.22     1 
0340324372   39.84419   -106.42809     0.06     -0.12     0.13     1 
0340324373   39.84463   -106.39163     0.29      0.04     0.29     1 
0340324374   39.84507   -106.35517     0.23     -0.32     0.40     1 
0340324375   39.84549   -106.31871     0.24     -0.03     0.24     1 
0340324380   39.84742   -106.13641    -0.07      0.46     0.46     1 
0340324382   39.84811   -106.06348    -0.02      0.02     0.03     1 
0340324387   39.84964   -105.88115    -0.22      0.13     0.26     1 
0340324394   39.85130   -105.62587     0.36     -0.01     0.36     1 
0340324395   39.85149   -105.58940    -0.05     -0.09     0.10     1 
0340324396   39.85166   -105.55293     0.06     -0.09     0.11     1 
0340324397   39.85183   -105.51646     0.23     -0.02     0.23     1 
0340324398   39.85199   -105.47999     0.21     -0.11     0.23     1 
0340324399   39.85213   -105.44352     0.28     -0.09     0.29     1 
0340324400   39.85227   -105.40704     0.36      0.02     0.36     1 
0340324401   39.85239   -105.37057     0.30      0.04     0.31     1 
0340324402   39.85250   -105.33410     0.13      0.19     0.24     1 
0340324403   39.85260   -105.29763     0.24      0.12     0.27     1 
0340324404   39.85269   -105.26116     0.39     -0.31     0.49     1 
0340324407   39.85288   -105.15174    -0.23      0.30     0.38     1 
0340324408   39.85293   -105.11526     0.37      0.35     0.51     2 
0340324431   39.81069   -107.01056     0.06     -0.22     0.23     1 
0340324432   39.81132   -106.97413    -0.03     -0.35     0.35     1 
0340324433   39.81193   -106.93770    -0.17     -0.44     0.47     1 
0340324446   39.81888   -106.46402     0.16     -0.19     0.25     1 
0340324447   39.81933   -106.42757     0.34      0.02     0.34     1 
0340324448   39.81977   -106.39113     0.18     -0.02     0.18     1 
0340324449   39.82021   -106.35468    -0.02     -0.02     0.03     1 
0340324450   39.82063   -106.31824    -0.13     -0.04     0.14     1 
0340324451   39.82104   -106.28179     0.35      0.37     0.51     2 
0340324455   39.82255   -106.13600     0.16      0.61     0.63     2 
0340324456   39.82290   -106.09955     0.06      0.43     0.43     1 
0340324457   39.82325   -106.06310    -0.03      0.03     0.04     1 
0340324461   39.82449   -105.91729     0.16     -0.02     0.17     1 
0340324463   39.82504   -105.84438    -0.53      0.24     0.58     2 
0340324471   39.82680   -105.55273     0.29     -0.14     0.32     1 
0340324472   39.82697   -105.51627     0.22     -0.24     0.33     1 
0340324473   39.82712   -105.47981     0.07     -0.22     0.23     1 
0340324474   39.82727   -105.44336     0.35     -0.14     0.38     1 
0340324475   39.82740   -105.40690     0.47     -0.06     0.48     1 
0340324476   39.82752   -105.37044     0.36      0.05     0.36     1 
0340324477   39.82764   -105.33398     0.37      0.12     0.39     1 
0340324478   39.82773   -105.29752     0.35      0.03     0.35     1 
0340324479   39.82782   -105.26106     0.00     -0.25     0.25     1 
0340324480   39.82790   -105.22460    -0.19      0.07     0.20     1 
0340324481   39.82796   -105.18814     0.01     -0.02     0.03     1 
0340324505   39.78520   -107.04625     0.04     -0.01     0.04     1 
0340324506   39.78584   -107.00983    -0.16     -0.13     0.20     1 
0340324507   39.78646   -106.97342    -0.09     -0.25     0.27     1 
0340324510   39.78827   -106.86416    -0.12     -0.52     0.54     2 
0340324521   39.79402   -106.46349     0.14     -0.13     0.19     1 
0340324522   39.79447   -106.42706     0.22      0.07     0.23     1 
0340324524   39.79534   -106.35420     0.15     -0.07     0.16     1 
0340324526   39.79617   -106.28133    -0.14      0.41     0.43     1 
0340324527   39.79657   -106.24489     0.23      0.46     0.51     2 
0340324531   39.79804   -106.09915    -0.11      0.44     0.45     1 
0340324546   39.80193   -105.55253     0.19     -0.10     0.22     1 
0340324547   39.80210   -105.51609    -0.02     -0.22     0.22     1 
0340324548   39.80226   -105.47964    -0.06     -0.34     0.34     1 
0340324550   39.80253   -105.40675     0.16      0.11     0.19     1 
0340324551   39.80266   -105.37031     0.38     -0.21     0.44     1 
0340324552   39.80277   -105.33386     0.15     -0.10     0.18     1 
0340324553   39.80287   -105.29741     0.32     -0.03     0.32     1 
0340324579   39.75970   -107.08191    -0.11      0.52     0.53     2 
0340324580   39.76035   -107.04551    -0.00     -0.08     0.08     1 
0340324581   39.76099   -107.00911    -0.01     -0.20     0.20     1 
0340324582   39.76161   -106.97271    -0.02     -0.39     0.39     1 
0340324593   39.76773   -106.57221     0.06     -0.24     0.25     1 
0340324595   39.76869   -106.49938    -0.29      0.09     0.30     1 
0340324596   39.76916   -106.46296     0.21     -0.07     0.22     1 
0340324597   39.76961   -106.42655     0.11      0.13     0.17     1 
0340324604   39.77247   -106.17160     0.23      0.36     0.43     1 
0340324606   39.77318   -106.09875    -0.02      0.24     0.24     1 
0340324608   39.77385   -106.02590     0.53      0.11     0.54     2 
0340324609   39.77416   -105.98948    -0.11     -0.00     0.11     1 
0340324611   39.77476   -105.91663    -0.04      0.51     0.51     2 
0340324612   39.77504   -105.88020    -0.28      0.44     0.52     2 
0340324613   39.77531   -105.84377    -0.33      0.06     0.33     1 
0340324621   39.77707   -105.55233    -0.09     -0.22     0.24     1 
0340324622   39.77723   -105.51590    -0.07     -0.30     0.31     1 
0340324623   39.77739   -105.47947     0.03     -0.19     0.19     1 
0340324626   39.77779   -105.37017     0.23      0.02     0.23     1 
0340324627   39.77790   -105.33374     0.07     -0.04     0.08     1 
0340324628   39.77800   -105.29731    -0.12     -0.01     0.12     1 
0340324655   39.73550   -107.04478     0.10     -0.23     0.25     1 
0340324656   39.73613   -107.00839    -0.14     -0.25     0.29     1 
0340324657   39.73676   -106.97200    -0.12     -0.42     0.44     1 
0340324658   39.73737   -106.93561    -0.20     -0.62     0.65     2 
0340324668   39.74287   -106.57164     0.01     -0.23     0.23     1 
0340324669   39.74336   -106.53524     0.18      0.02     0.18     1 
0340324670   39.74383   -106.49884     0.16     -0.08     0.18     1 
0340324671   39.74430   -106.46244     0.10     -0.04     0.11     1 
0340324672   39.74475   -106.42603     0.22      0.16     0.27     1 
0340324679   39.74760   -106.17118     0.16      0.34     0.38     1 
0340324680   39.74797   -106.13477     0.12      0.15     0.19     1 
0340324681   39.74831   -106.09836     0.08     -0.16     0.18     1 
0340324684   39.74930   -105.98912    -0.04      0.18     0.18     1 
0340324686   39.74990   -105.91630    -0.53      0.08     0.53     2 
0340324687   39.75018   -105.87988    -0.60      0.31     0.68     2 
0340324688   39.75045   -105.84347    -0.23     -0.04     0.23     1 
0340324695   39.75202   -105.58855    -0.16     -0.17     0.23     1 
0340324698   39.75252   -105.47930     0.06     -0.16     0.17     1 
0340324699   39.75267   -105.44288     0.01     -0.06     0.06     1 
0340324700   39.75280   -105.40646    -0.02      0.09     0.09     1 
0340324701   39.75292   -105.37004     0.27     -0.16     0.31     1 
0340324702   39.75303   -105.33362     0.15     -0.26     0.30     1 
0340324707   39.75341   -105.15152    -0.48     -0.30     0.56     2 
0340324731   39.71128   -107.00767    -0.21     -0.31     0.38     1 
0340324740   39.71648   -106.68024    -0.35     -0.35     0.49     1 
0340324742   39.71751   -106.60747     0.10     -0.16     0.19     1 
0340324745   39.71897   -106.49830     0.02     -0.01     0.02     1 
0340324746   39.71944   -106.46191     0.22     -0.02     0.22     1 
0340324747   39.71989   -106.42552     0.21      0.08     0.22     1 
0340324753   39.72237   -106.20716    -0.08      0.31     0.32     1 
0340324754   39.72274   -106.17076    -0.04      0.29     0.29     1 
0340324755   39.72310   -106.13436     0.10      0.25     0.27     1 
0340324756   39.72345   -106.09797    -0.11      0.27     0.29     1 
0340324757   39.72379   -106.06157     0.06      0.26     0.27     1 
0340324760   39.72474   -105.95237    -0.61     -0.07     0.62     2 
0340324761   39.72503   -105.91597     0.03     -0.37     0.38     1 
0340324764   39.72584   -105.80676    -0.15     -0.35     0.38     1 
0340324771   39.72733   -105.55194     0.12      0.17     0.21     1 
0340324772   39.72750   -105.51553     0.16      0.07     0.18     1 
0340324775   39.72793   -105.40631     0.09      0.09     0.13     1 
0340324776   39.72805   -105.36991     0.06      0.09     0.11     1 
0340324777   39.72816   -105.33350     0.00     -0.02     0.02     1 
0340324778   39.72826   -105.29709     0.22     -0.05     0.23     1 
0340324779   39.72835   -105.26069     0.29      0.14     0.33     1 
0340324814   39.69109   -106.71601    -0.07     -0.50     0.51     2 
0340324822   39.69503   -106.42501     0.49      0.22     0.54     2 
0340324829   39.69788   -106.17034     0.08      0.36     0.37     1 
0340324830   39.69824   -106.13396     0.26      0.26     0.36     1 
0340324831   39.69859   -106.09757    -0.22      0.19     0.29     1 
0340324833   39.69925   -106.02480     0.09      0.28     0.29     1 
0340324834   39.69957   -105.98841     0.02      0.11     0.11     1 
0340324835   39.69987   -105.95203    -0.43      0.12     0.45     1 
0340324846   39.70246   -105.55174    -0.03      0.03     0.04     1 
0340324847   39.70263   -105.51534    -0.37      0.24     0.44     1 
0340324850   39.70307   -105.40617     0.45      0.32     0.55     2 
0340324851   39.70319   -105.36977     0.45      0.19     0.49     1 
0340324852   39.70330   -105.33338     0.33     -0.03     0.34     1 
0340324853   39.70340   -105.29699     0.26     -0.03     0.26     1 
0340324854   39.70348   -105.26059     0.23      0.14     0.27     1 
0340324899   39.67104   -106.35176     0.44      0.08     0.45     1 
0340324905   39.67337   -106.13355     0.04      0.36     0.36     1 
0340324906   39.67372   -106.09718     0.02      0.02     0.03     1 
0340324920   39.67742   -105.58792    -0.17      0.11     0.21     1 
0340324924   39.67806   -105.44240     0.24      0.18     0.30     1 
0340324925   39.67820   -105.40602     0.28      0.30     0.41     1 
0340324926   39.67832   -105.36964     0.47     -0.16     0.49     1 
0340324927   39.67843   -105.33326     0.38     -0.07     0.38     1 
0340324928   39.67853   -105.29688     0.25      0.07     0.26     1 
0340324929   39.67862   -105.26050     0.24      0.38     0.45     1 
0340324930   39.67869   -105.22412     0.24      0.24     0.34     1 
0340324972   39.64531   -106.42399     0.21      0.03     0.21     1 
0340324973   39.64575   -106.38763    -0.21      0.17     0.27     1 
0340324974   39.64618   -106.35128     0.32      0.16     0.36     1 
0340324975   39.64659   -106.31493     0.30      0.39     0.50     1 
0340324980   39.64851   -106.13314     0.10      0.26     0.28     1 
0340324981   39.64886   -106.09678     0.16     -0.05     0.17     1 
0340325000   39.65333   -105.40587     0.21      0.15     0.26     1 
0340325001   39.65345   -105.36951     0.36      0.02     0.36     1 
0340325002   39.65356   -105.33314     0.35     -0.13     0.37     1 
0340325003   39.65366   -105.29677     0.28      0.06     0.28     1 
0340325004   39.65375   -105.26041     0.09      0.24     0.26     1 
0340325005   39.65382   -105.22404     0.01      0.28     0.28     1 
0340325006   39.65389   -105.18767    -0.03      0.28     0.28     1 
0340325007   39.65394   -105.15130     0.12      0.18     0.22     1 
0340325051   39.62214   -106.27811    -0.02      0.63     0.63     2 
0340325054   39.62329   -106.16908     0.55      0.28     0.62     2 
0340325056   39.62400   -106.09639     0.11     -0.19     0.21     1 
0340325057   39.62433   -106.06005    -0.55     -0.04     0.55     2 
0340325058   39.62466   -106.02370    -0.42      0.26     0.49     1 
0340325074   39.62833   -105.44208     0.37      0.20     0.42     1 
0340325075   39.62846   -105.40573     0.36      0.18     0.41     1 
0340325076   39.62858   -105.36938     0.24      0.13     0.28     1 
0340325077   39.62869   -105.33302     0.14      0.09     0.17     1 
0340325078   39.62879   -105.29667     0.21     -0.08     0.23     1 
0340325079   39.62888   -105.26031     0.31      0.02     0.31     1 
0340325080   39.62895   -105.22396     0.00      0.13     0.13     1 
0340325081   39.62902   -105.18760    -0.09     -0.08     0.12     1 
0340325084   39.62914   -105.07854    -0.53      0.01     0.53     2 
0340325085   39.62916   -105.04218    -0.51      0.44     0.68     2 
0340325131   39.59913   -106.09600    -0.38     -0.38     0.54     2 
0340325133   39.59979   -106.02333    -0.42      0.04     0.42     1 
0340325136   39.60070   -105.91433    -0.29      0.32     0.43     1 
0340325150   39.60359   -105.40559     0.28      0.10     0.30     1 
0340325151   39.60371   -105.36924     0.32      0.28     0.43     1 
0340325152   39.60382   -105.33290     0.22      0.19     0.29     1 
0340325153   39.60392   -105.29656     0.33      0.11     0.35     1 
0340325154   39.60401   -105.26022     0.21     -0.04     0.22     1 
0340325157   39.60420   -105.15119    -0.09     -0.02     0.09     1 
0340325226   39.57885   -105.36911     0.28      0.13     0.31     1 
0340325227   39.57896   -105.33278     0.27      0.03     0.27     1 
0340325228   39.57905   -105.29645     0.37      0.16     0.40     1 
0340325229   39.57914   -105.26013     0.23     -0.04     0.24     1 
0340325230   39.57922   -105.22380    -0.04     -0.10     0.11     1 
0340325300   39.55386   -105.40529     0.07      0.33     0.34     1 
0340325301   39.55398   -105.36898     0.09      0.15     0.18     1 
0340325302   39.55409   -105.33266     0.22      0.16     0.27     1 
0340325303   39.55418   -105.29635     0.30      0.18     0.35     1 
0340325304   39.55427   -105.26003     0.25      0.02     0.25     1 
0340325305   39.55435   -105.22372     0.01     -0.12     0.12     1 
0340325306   39.55441   -105.18740     0.37     -0.32     0.49     1 
0340325309   39.55454   -105.07845    -0.67      0.11     0.68     2 
0340325375   39.52899   -105.40515     0.12      0.12     0.17     1 
0340325376   39.52911   -105.36885     0.14      0.25     0.28     1 
0340325377   39.52922   -105.33255     0.38      0.32     0.50     1 
0340325378   39.52932   -105.29624     0.39      0.26     0.47     1 
0340325379   39.52940   -105.25994     0.10      0.19     0.22     1 
0340325380   39.52948   -105.22364    -0.01      0.02     0.02     1 
0340325381   39.52954   -105.18733    -0.24      0.06     0.24     1 
0340325382   39.52960   -105.15103    -0.05     -0.04     0.06     1 
0340325384   39.52967   -105.07842    -0.58      0.17     0.61     2 
0340325450   39.50412   -105.40501     0.22      0.18     0.29     1 
0340325451   39.50424   -105.36872     0.08      0.27     0.28     1 
0340325452   39.50435   -105.33243     0.09      0.47     0.48     1 
0340325453   39.50445   -105.29614     0.19      0.18     0.26     1 
0340325454   39.50453   -105.25985     0.09     -0.02     0.10     1 
0340325455   39.50461   -105.22356     0.05      0.08     0.10     1 
0340325456   39.50467   -105.18727    -0.23      0.32     0.39     1 
0340325457   39.50473   -105.15098     0.02      0.17     0.17     1 
0340325528   39.47958   -105.29603     0.08      0.08     0.11     1 
0340325529   39.47967   -105.25975     0.06     -0.11     0.13     1 
0340325531   39.47980   -105.18720    -0.28      0.29     0.40     1 
0340325532   39.47986   -105.15092    -0.18      0.24     0.30     1 
0340325607   39.45499   -105.15087    -0.32      0.24     0.40     1 
0340325608   39.45503   -105.11460    -0.38      0.14     0.41     1 
----------------------------------------------------------------------
---------------------------------------------------
Total correlated GCPs in Upper Left Quadrant: 226

GCP statistics this quadrant only (in Pixels)
Line residual statistics:
  Mean: 0.055
  Median: 0.064
  Standard Deviation: 0.276

Sample residual statistics:
  Mean: 0.064
  Median: 0.054
  Standard Deviation: 0.323

Quadrant RMSE: 0.434

---------------------------------------------------
Total correlated GCPs in Upper Right Quadrant: 410

GCP statistics this quadrant only (in Pixels)
Line residual statistics:
  Mean: 0.060
  Median: 0.077
  Standard Deviation: 0.199

Sample residual statistics:
  Mean: 0.006
  Median: 0.003
  Standard Deviation: 0.203

Quadrant RMSE: 0.290

---------------------------------------------------
Total correlated GCPs in Lower Left Quadrant: 282

GCP statistics this quadrant only (in Pixels)
Line residual statistics:
  Mean: 0.087
  Median: 0.076
  Standard Deviation: 0.221

Sample residual statistics:
  Mean: -0.081
  Median: -0.074
  Standard Deviation: 0.353

Quadrant RMSE: 0.433

---------------------------------------------------
Total correlated GCPs in Lower Right Quadrant: 388

GCP statistics this quadrant only (in Pixels)
Line residual statistics:
  Mean: 0.051
  Median: 0.088
  Standard Deviation: 0.236

Sample residual statistics:
  Mean: 0.032
  Median: 0.031
  Standard Deviation: 0.181

Quadrant RMSE: 0.303

---------------------------------------------------
---------------------------------------------------
Total correlated GCPs in scene: 1306

GCP statistics entire scene (in Pixels)
Line residual statistics:
  Mean: 0.063
  Median: 0.080
  Standard Deviation: 0.230

Sample residual statistics:
  Mean: 0.005
  Median: 0.011
  Standard Deviation: 0.265

Scene RMSE: 0.356

